9, 69, 56, 
-1, 33, 14, 
1, 33, 14, 
1, 33, 14, 
3, 40, 15, 
4, 40, 15, 
4, 40, 15, 
4, 40, 15, 
5, 44, 18, 
7, 51, 20, 
9, 51, 20, 
9, 51, 20, 
9, 51, 20, 
9, 51, 20, 
10, 78, 62, 
-1, 33, 14, 
1, 33, 14, 
1, 33, 14, 
3, 40, 15, 
4, 40, 15, 
4, 40, 15, 
4, 40, 15, 
5, 44, 18, 
7, 51, 20, 
9, 51, 20, 
9, 51, 20, 
9, 51, 20, 
9, 51, 20, 
10, 78, 62, 
0, 7, 10, 
2, 49, 25, 
4, 56, 26, 
5, 56, 26, 
5, 56, 26, 
5, 56, 26, 
6, 56, 26, 
6, 56, 26, 
8, 63, 28, 
10, 63, 28, 
10, 63, 28, 
10, 63, 28, 
10, 63, 28, 
10, 78, 62, 
-1, 33, 14, 
1, 33, 14, 
1, 33, 14, 
3, 40, 15, 
4, 40, 15, 
4, 40, 15, 
4, 40, 15, 
5, 44, 18, 
7, 51, 20, 
9, 51, 20, 
9, 51, 20, 
9, 51, 20, 
9, 51, 20, 
10, 78, 62, 
-1, 33, 14, 
1, 33, 14, 
1, 33, 14, 
3, 40, 15, 
4, 40, 15, 
4, 40, 15, 
4, 40, 15, 
5, 44, 18, 
7, 51, 20, 
9, 51, 20, 
9, 51, 20, 
9, 51, 20, 
9, 51, 20, 
10, 78, 62, 
-1, 33, 14, 
1, 33, 14, 
1, 33, 14, 
3, 40, 15, 
4, 40, 15, 
4, 40, 15, 
4, 40, 15, 
5, 44, 18, 
7, 51, 20, 
9, 51, 20, 
9, 51, 20, 
9, 51, 20, 
9, 51, 20, 
10, 78, 62, 
-1, 33, 14, 
1, 33, 14, 
1, 33, 14, 
3, 40, 15, 
4, 40, 15, 
4, 40, 15, 
4, 40, 15, 
5, 44, 18, 
7, 51, 20, 
9, 51, 20, 
9, 51, 20, 
9, 51, 20, 
9, 51, 20, 
10, 78, 62, 
-1, 33, 14, 
1, 33, 14, 
1, 33, 14, 
3, 40, 15, 
4, 40, 15, 
4, 40, 15, 
4, 40, 15, 
5, 44, 18, 
7, 51, 20, 
9, 51, 20, 
9, 51, 20, 
9, 51, 20, 
9, 51, 20, 
10, 78, 62, 
-1, 33, 14, 
1, 33, 14, 
1, 33, 14, 
3, 40, 15, 
4, 40, 15, 
4, 40, 15, 
4, 40, 15, 
5, 44, 18, 
7, 51, 20, 
9, 51, 20, 
9, 51, 20, 
9, 51, 20, 
9, 51, 20, 
10, 78, 62, 
-1, 33, 14, 
1, 33, 14, 
1, 33, 14, 
3, 40, 15, 
4, 40, 15, 
4, 40, 15, 
4, 40, 15, 
5, 44, 18, 
7, 51, 20, 
9, 51, 20, 
9, 51, 20, 
9, 51, 20, 
9, 51, 20, 
10, 78, 62, 
-1, 33, 14, 
1, 33, 14, 
1, 33, 14, 
3, 40, 15, 
4, 40, 15, 
4, 40, 15, 
4, 40, 15, 
5, 44, 18, 
7, 51, 20, 
9, 51, 20, 
9, 51, 20, 
9, 51, 20, 
9, 51, 20, 
10, 78, 62, 
-1, 33, 14, 
1, 33, 14, 
1, 33, 14, 
3, 40, 15, 
4, 40, 15, 
4, 40, 15, 
4, 40, 15, 
5, 44, 18, 
7, 51, 20, 
9, 51, 20, 
9, 51, 20, 
9, 51, 20, 
9, 51, 20, 
10, 78, 62, 
0, 64, 21, 
1, 68, 22, 
3, 68, 22, 
3, 68, 22, 
3, 68, 22, 
4, 68, 22, 
4, 68, 22, 
5, 68, 22, 
5, 68, 22, 
6, 82, 25, 
8, 82, 25, 
8, 82, 25, 
9, 82, 25, 
9, 82, 25, 
9, 82, 25, 
10, 78, 62, 
0, 64, 21, 
1, 68, 22, 
3, 68, 22, 
3, 68, 22, 
3, 68, 22, 
4, 68, 22, 
4, 68, 22, 
5, 68, 22, 
5, 68, 22, 
6, 82, 25, 
8, 82, 25, 
8, 82, 25, 
9, 82, 25, 
9, 82, 25, 
9, 82, 25, 
10, 78, 62, 
0, 64, 21, 
1, 68, 22, 
3, 68, 22, 
3, 68, 22, 
3, 68, 22, 
4, 68, 22, 
4, 68, 22, 
5, 68, 22, 
5, 68, 22, 
6, 82, 25, 
8, 82, 25, 
8, 82, 25, 
9, 82, 25, 
9, 82, 25, 
9, 82, 25, 
10, 78, 62, 
0, 64, 21, 
1, 68, 22, 
3, 68, 22, 
3, 68, 22, 
3, 68, 22, 
4, 68, 22, 
4, 68, 22, 
5, 68, 22, 
5, 68, 22, 
6, 82, 25, 
8, 82, 25, 
8, 82, 25, 
9, 82, 25, 
9, 82, 25, 
9, 82, 25, 
10, 78, 62, 
0, 64, 21, 
1, 68, 22, 
3, 68, 22, 
3, 68, 22, 
3, 68, 22, 
4, 68, 22, 
4, 68, 22, 
5, 68, 22, 
5, 68, 22, 
6, 82, 25, 
8, 82, 25, 
8, 82, 25, 
9, 82, 25, 
9, 82, 25, 
9, 82, 25, 
10, 78, 62, 
0, 84, 27, 
1, 88, 28, 
3, 88, 28, 
3, 88, 28, 
3, 88, 28, 
4, 88, 28, 
4, 88, 28, 
5, 88, 28, 
5, 88, 28, 
6, 102, 31, 
8, 102, 31, 
8, 102, 31, 
9, 102, 31, 
9, 102, 31, 
9, 102, 31, 
10, 78, 62, 
0, 84, 27, 
1, 88, 28, 
3, 88, 28, 
3, 88, 28, 
3, 88, 28, 
4, 88, 28, 
4, 88, 28, 
5, 88, 28, 
5, 88, 28, 
6, 102, 31, 
8, 102, 31, 
8, 102, 31, 
9, 102, 31, 
9, 102, 31, 
9, 102, 31, 
10, 78, 62, 
0, 84, 27, 
1, 88, 28, 
3, 88, 28, 
3, 88, 28, 
3, 88, 28, 
4, 88, 28, 
4, 88, 28, 
5, 88, 28, 
5, 88, 28, 
6, 102, 31, 
8, 102, 31, 
8, 102, 31, 
9, 102, 31, 
9, 102, 31, 
9, 102, 31, 
10, 78, 62, 
0, 84, 27, 
1, 88, 28, 
3, 88, 28, 
3, 88, 28, 
3, 88, 28, 
4, 88, 28, 
4, 88, 28, 
5, 88, 28, 
5, 88, 28, 
6, 102, 31, 
8, 102, 31, 
8, 102, 31, 
9, 102, 31, 
9, 102, 31, 
9, 102, 31, 
10, 78, 62, 
0, 84, 27, 
1, 88, 28, 
3, 88, 28, 
3, 88, 28, 
3, 88, 28, 
4, 88, 28, 
4, 88, 28, 
5, 88, 28, 
5, 88, 28, 
6, 102, 31, 
8, 102, 31, 
8, 102, 31, 
9, 102, 31, 
9, 102, 31, 
9, 102, 31, 
10, 78, 62, 
0, 84, 27, 
1, 88, 28, 
3, 88, 28, 
3, 88, 28, 
3, 88, 28, 
4, 88, 28, 
4, 88, 28, 
5, 88, 28, 
5, 88, 28, 
6, 102, 31, 
8, 102, 31, 
8, 102, 31, 
9, 102, 31, 
9, 102, 31, 
9, 102, 31, 
10, 78, 62, 
0, 84, 27, 
1, 88, 28, 
3, 88, 28, 
3, 88, 28, 
3, 88, 28, 
4, 88, 28, 
4, 88, 28, 
5, 88, 28, 
5, 88, 28, 
6, 102, 31, 
8, 102, 31, 
8, 102, 31, 
9, 102, 31, 
9, 102, 31, 
9, 102, 31, 
10, 78, 62, 
0, 84, 27, 
1, 88, 28, 
3, 88, 28, 
3, 88, 28, 
3, 88, 28, 
4, 88, 28, 
4, 88, 28, 
5, 88, 28, 
5, 88, 28, 
6, 102, 31, 
8, 102, 31, 
8, 102, 31, 
9, 102, 31, 
9, 102, 31, 
9, 102, 31, 
10, 78, 62, 
0, 84, 27, 
1, 88, 28, 
3, 88, 28, 
3, 88, 28, 
3, 88, 28, 
4, 88, 28, 
4, 88, 28, 
5, 88, 28, 
5, 88, 28, 
6, 102, 31, 
8, 102, 31, 
8, 102, 31, 
9, 102, 31, 
9, 102, 31, 
9, 102, 31, 
10, 78, 62, 
0, 84, 27, 
1, 88, 28, 
3, 88, 28, 
3, 88, 28, 
3, 88, 28, 
4, 88, 28, 
4, 88, 28, 
5, 88, 28, 
5, 88, 28, 
6, 102, 31, 
8, 102, 31, 
8, 102, 31, 
9, 102, 31, 
9, 102, 31, 
9, 102, 31, 
10, 78, 62, 
0, 84, 27, 
1, 88, 28, 
3, 88, 28, 
3, 88, 28, 
3, 88, 28, 
4, 88, 28, 
4, 88, 28, 
5, 88, 28, 
5, 88, 28, 
6, 102, 31, 
8, 102, 31, 
8, 102, 31, 
9, 102, 31, 
9, 102, 31, 
9, 102, 31, 
10, 78, 62, 
0, 84, 27, 
1, 88, 28, 
3, 88, 28, 
3, 88, 28, 
3, 88, 28, 
4, 88, 28, 
4, 88, 28, 
5, 88, 28, 
5, 88, 28, 
6, 102, 31, 
8, 102, 31, 
8, 102, 31, 
9, 102, 31, 
9, 102, 31, 
9, 102, 31, 
10, 78, 62, 
0, 84, 27, 
1, 88, 28, 
3, 88, 28, 
3, 88, 28, 
3, 88, 28, 
4, 88, 28, 
4, 88, 28, 
5, 88, 28, 
5, 88, 28, 
6, 102, 31, 
8, 102, 31, 
8, 102, 31, 
9, 102, 31, 
9, 102, 31, 
9, 102, 31, 
0, 13038, 4232, 
1, 13038, 4232, 
1, 13038, 4232, 
2, 13038, 4232, 
2, 13038, 4232, 
3, 13038, 4232, 
3, 13038, 4232, 
4, 13038, 4232, 
4, 13038, 4232, 
5, 13038, 4232, 
5, 13038, 4232, 
6, 13038, 4232, 
6, 13038, 4232, 
7, 13038, 4232, 
7, 13038, 4232, 
8, 13038, 4232, 
8, 13038, 4232, 
9, 13038, 4232, 
9, 13038, 4232, 
10, 13038, 4232, 
10, 13038, 4232, 
11, 13038, 4232, 
11, 13038, 4232, 
12, 13038, 4232, 
12, 13038, 4232, 
13, 13038, 4232, 
13, 13038, 4232, 
14, 13038, 4232, 
14, 13038, 4232, 
15, 13038, 4232, 
15, 13038, 4232, 
16, 13038, 4232, 
16, 13038, 4232, 
17, 13038, 4232, 
17, 13038, 4232, 
18, 13038, 4232, 
18, 13038, 4232, 
19, 13038, 4232, 
19, 13038, 4232, 
20, 13038, 4232, 
20, 13038, 4232, 
21, 13038, 4232, 
21, 13038, 4232, 
22, 13038, 4232, 
22, 13038, 4232, 
23, 13038, 4232, 
23, 13038, 4232, 
24, 13038, 4232, 
24, 13038, 4232, 
25, 13038, 4232, 
25, 13038, 4232, 
26, 13038, 4232, 
26, 13038, 4232, 
27, 13038, 4232, 
27, 13038, 4232, 
28, 13038, 4232, 
28, 13038, 4232, 
29, 13038, 4232, 
29, 13038, 4232, 
30, 13038, 4232, 
30, 13038, 4232, 
31, 13038, 4232, 
31, 13038, 4232, 
32, 13038, 4232, 
32, 13038, 4232, 
33, 13038, 4232, 
33, 13038, 4232, 
34, 13038, 4232, 
34, 13038, 4232, 
35, 13038, 4232, 
35, 13038, 4232, 
36, 13038, 4232, 
36, 13038, 4232, 
37, 13038, 4232, 
37, 13038, 4232, 
38, 13038, 4232, 
38, 13038, 4232, 
39, 13038, 4232, 
39, 13038, 4232, 
40, 13038, 4232, 
40, 13038, 4232, 
41, 13038, 4232, 
41, 13038, 4232, 
42, 13038, 4232, 
42, 13038, 4232, 
43, 13038, 4232, 
43, 13038, 4232, 
44, 13038, 4232, 
44, 13038, 4232, 
45, 13038, 4232, 
45, 13038, 4232, 
46, 13038, 4232, 
46, 13038, 4232, 
47, 13038, 4232, 
47, 13038, 4232, 
48, 13038, 4232, 
48, 13038, 4232, 
49, 13038, 4232, 
49, 13038, 4232, 
50, 13038, 4232, 
50, 13038, 4232, 
51, 13038, 4232, 
51, 13038, 4232, 
52, 13038, 4232, 
52, 13038, 4232, 
53, 13038, 4232, 
53, 13038, 4232, 
54, 13038, 4232, 
54, 13038, 4232, 
55, 13038, 4232, 
55, 13038, 4232, 
56, 13038, 4232, 
56, 13038, 4232, 
57, 13038, 4232, 
57, 13038, 4232, 
58, 13038, 4232, 
58, 13038, 4232, 
59, 13038, 4232, 
59, 13038, 4232, 
60, 13038, 4232, 
60, 13038, 4232, 
61, 13038, 4232, 
61, 13038, 4232, 
62, 13038, 4232, 
62, 13038, 4232, 
63, 13038, 4232, 
63, 13038, 4232, 
64, 13038, 4232, 
64, 13038, 4232, 
65, 13038, 4232, 
65, 13038, 4232, 
66, 13038, 4232, 
66, 13038, 4232, 
67, 13038, 4232, 
67, 13038, 4232, 
68, 13038, 4232, 
68, 13038, 4232, 
69, 13038, 4232, 
69, 13038, 4232, 
70, 13038, 4232, 
70, 13038, 4232, 
71, 13038, 4232, 
71, 13038, 4232, 
72, 13038, 4232, 
72, 13038, 4232, 
73, 13038, 4232, 
73, 13038, 4232, 
74, 13038, 4232, 
74, 13038, 4232, 
75, 13038, 4232, 
75, 13038, 4232, 
76, 13038, 4232, 
76, 13038, 4232, 
77, 13038, 4232, 
77, 13038, 4232, 
78, 13038, 4232, 
78, 13038, 4232, 
79, 13038, 4232, 
79, 13038, 4232, 
80, 13038, 4232, 
80, 13038, 4232, 
81, 13038, 4232, 
81, 13038, 4232, 
82, 13038, 4232, 
82, 13038, 4232, 
83, 13038, 4232, 
83, 13038, 4232, 
84, 13038, 4232, 
84, 13038, 4232, 
85, 13038, 4232, 
85, 13038, 4232, 
86, 13038, 4232, 
86, 13038, 4232, 
87, 13038, 4232, 
87, 13038, 4232, 
88, 13038, 4232, 
88, 13038, 4232, 
89, 13038, 4232, 
89, 13038, 4232, 
90, 13038, 4232, 
90, 13038, 4232, 
91, 13042, 4240, 
92, 13046, 4247, 
93, 13050, 4253, 
94, 13054, 4258, 
95, 13058, 4262, 
96, 13062, 4265, 
97, 13066, 4267, 
98, 13070, 4268, 
100, 13070, 4268, 
100, 13070, 4268, 
100, 13070, 4268, 
100, 13070, 4268, 
100, 13070, 4268, 
100, 13070, 4268, 
100, 13070, 4268, 
100, 13070, 4268, 
100, 13070, 4268, 
0, 68842, 22613, 
1, 68842, 22613, 
1, 68842, 22613, 
2, 68842, 22613, 
2, 68842, 22613, 
3, 68842, 22613, 
3, 68842, 22613, 
4, 68842, 22613, 
4, 68842, 22613, 
5, 68842, 22613, 
5, 68842, 22613, 
6, 68842, 22613, 
6, 68842, 22613, 
7, 68842, 22613, 
7, 68842, 22613, 
8, 68842, 22613, 
8, 68842, 22613, 
9, 68842, 22613, 
9, 68842, 22613, 
10, 68842, 22613, 
10, 68842, 22613, 
11, 68842, 22613, 
11, 68842, 22613, 
12, 68842, 22613, 
12, 68842, 22613, 
13, 68842, 22613, 
13, 68842, 22613, 
14, 68842, 22613, 
14, 68842, 22613, 
15, 68842, 22613, 
15, 68842, 22613, 
16, 68842, 22613, 
16, 68842, 22613, 
17, 68842, 22613, 
17, 68842, 22613, 
18, 68842, 22613, 
18, 68842, 22613, 
19, 68842, 22613, 
19, 68842, 22613, 
20, 68842, 22613, 
20, 68842, 22613, 
21, 68842, 22613, 
21, 68842, 22613, 
22, 68842, 22613, 
22, 68842, 22613, 
23, 68842, 22613, 
23, 68842, 22613, 
24, 68842, 22613, 
24, 68842, 22613, 
25, 68842, 22613, 
25, 68842, 22613, 
26, 68842, 22613, 
26, 68842, 22613, 
27, 68842, 22613, 
27, 68842, 22613, 
28, 68842, 22613, 
28, 68842, 22613, 
29, 68842, 22613, 
29, 68842, 22613, 
30, 68842, 22613, 
30, 68842, 22613, 
31, 68842, 22613, 
31, 68842, 22613, 
32, 68842, 22613, 
32, 68842, 22613, 
33, 68842, 22613, 
33, 68842, 22613, 
34, 68842, 22613, 
34, 68842, 22613, 
35, 68842, 22613, 
35, 68842, 22613, 
36, 68842, 22613, 
36, 68842, 22613, 
37, 68842, 22613, 
37, 68842, 22613, 
38, 68842, 22613, 
38, 68842, 22613, 
39, 68842, 22613, 
39, 68842, 22613, 
40, 68842, 22613, 
40, 68842, 22613, 
41, 68842, 22613, 
41, 68842, 22613, 
42, 68842, 22613, 
42, 68842, 22613, 
43, 68842, 22613, 
43, 68842, 22613, 
44, 68842, 22613, 
44, 68842, 22613, 
45, 68842, 22613, 
45, 68842, 22613, 
46, 68842, 22613, 
46, 68842, 22613, 
47, 68842, 22613, 
47, 68842, 22613, 
48, 68842, 22613, 
48, 68842, 22613, 
49, 68842, 22613, 
49, 68842, 22613, 
50, 68842, 22613, 
50, 68842, 22613, 
51, 68842, 22613, 
51, 68842, 22613, 
52, 68842, 22613, 
52, 68842, 22613, 
53, 68842, 22613, 
53, 68842, 22613, 
54, 68842, 22613, 
54, 68842, 22613, 
55, 68842, 22613, 
55, 68842, 22613, 
56, 68842, 22613, 
56, 68842, 22613, 
57, 68842, 22613, 
57, 68842, 22613, 
58, 68842, 22613, 
58, 68842, 22613, 
59, 68842, 22613, 
59, 68842, 22613, 
60, 68842, 22613, 
60, 68842, 22613, 
61, 68842, 22613, 
61, 68842, 22613, 
62, 68842, 22613, 
62, 68842, 22613, 
63, 68842, 22613, 
63, 68842, 22613, 
64, 68842, 22613, 
64, 68842, 22613, 
65, 68842, 22613, 
65, 68842, 22613, 
66, 68842, 22613, 
66, 68842, 22613, 
67, 68842, 22613, 
67, 68842, 22613, 
68, 68842, 22613, 
68, 68842, 22613, 
69, 68842, 22613, 
69, 68842, 22613, 
70, 68842, 22613, 
70, 68842, 22613, 
71, 68842, 22613, 
71, 68842, 22613, 
72, 68842, 22613, 
72, 68842, 22613, 
73, 68842, 22613, 
73, 68842, 22613, 
74, 68842, 22613, 
74, 68842, 22613, 
75, 68842, 22613, 
75, 68842, 22613, 
76, 68842, 22613, 
76, 68842, 22613, 
77, 68842, 22613, 
77, 68842, 22613, 
78, 68842, 22613, 
78, 68842, 22613, 
79, 68842, 22613, 
79, 68842, 22613, 
80, 68842, 22613, 
80, 68842, 22613, 
81, 68842, 22613, 
81, 68842, 22613, 
82, 68842, 22613, 
82, 68842, 22613, 
83, 68842, 22613, 
83, 68842, 22613, 
84, 68842, 22613, 
84, 68842, 22613, 
85, 68842, 22613, 
85, 68842, 22613, 
86, 68842, 22613, 
86, 68842, 22613, 
87, 68842, 22613, 
87, 68842, 22613, 
88, 68842, 22613, 
88, 68842, 22613, 
89, 68842, 22613, 
89, 68842, 22613, 
90, 68842, 22613, 
90, 68842, 22613, 
91, 68842, 22613, 
91, 68842, 22613, 
92, 68842, 22613, 
92, 68842, 22613, 
93, 68842, 22613, 
93, 68842, 22613, 
94, 68842, 22613, 
94, 68842, 22613, 
95, 68842, 22613, 
95, 68842, 22613, 
96, 68842, 22613, 
96, 68842, 22613, 
97, 68842, 22613, 
97, 68842, 22613, 
98, 68842, 22613, 
98, 68842, 22613, 
99, 68842, 22613, 
99, 68842, 22613, 
100, 68842, 22613, 
100, 68842, 22613, 
101, 68842, 22613, 
101, 68842, 22613, 
102, 68842, 22613, 
102, 68842, 22613, 
103, 68842, 22613, 
103, 68842, 22613, 
104, 68842, 22613, 
104, 68842, 22613, 
105, 68842, 22613, 
105, 68842, 22613, 
106, 68842, 22613, 
106, 68842, 22613, 
107, 68842, 22613, 
107, 68842, 22613, 
108, 68842, 22613, 
108, 68842, 22613, 
109, 68842, 22613, 
109, 68842, 22613, 
110, 68842, 22613, 
110, 68842, 22613, 
111, 68842, 22613, 
111, 68842, 22613, 
112, 68842, 22613, 
112, 68842, 22613, 
113, 68842, 22613, 
113, 68842, 22613, 
114, 68842, 22613, 
114, 68842, 22613, 
115, 68842, 22613, 
115, 68842, 22613, 
116, 68842, 22613, 
116, 68842, 22613, 
117, 68842, 22613, 
117, 68842, 22613, 
118, 68842, 22613, 
118, 68842, 22613, 
119, 68842, 22613, 
119, 68842, 22613, 
120, 68842, 22613, 
120, 68842, 22613, 
121, 68842, 22613, 
121, 68842, 22613, 
122, 68842, 22613, 
122, 68842, 22613, 
123, 68842, 22613, 
123, 68842, 22613, 
124, 68842, 22613, 
124, 68842, 22613, 
125, 68842, 22613, 
125, 68842, 22613, 
126, 68842, 22613, 
126, 68842, 22613, 
127, 68842, 22613, 
127, 68842, 22613, 
128, 68842, 22613, 
128, 68842, 22613, 
129, 68842, 22613, 
129, 68842, 22613, 
130, 68842, 22613, 
130, 68842, 22613, 
131, 68842, 22613, 
131, 68842, 22613, 
132, 68842, 22613, 
132, 68842, 22613, 
133, 68842, 22613, 
133, 68842, 22613, 
134, 68842, 22613, 
134, 68842, 22613, 
135, 68842, 22613, 
135, 68842, 22613, 
136, 68842, 22613, 
136, 68842, 22613, 
137, 68842, 22613, 
137, 68842, 22613, 
138, 68842, 22613, 
138, 68842, 22613, 
139, 68842, 22613, 
139, 68842, 22613, 
140, 68842, 22613, 
140, 68842, 22613, 
141, 68842, 22613, 
141, 68842, 22613, 
142, 68842, 22613, 
142, 68842, 22613, 
143, 68842, 22613, 
143, 68842, 22613, 
144, 68842, 22613, 
144, 68842, 22613, 
145, 68842, 22613, 
145, 68842, 22613, 
146, 68842, 22613, 
146, 68842, 22613, 
147, 68842, 22613, 
147, 68842, 22613, 
148, 68842, 22613, 
148, 68842, 22613, 
149, 68842, 22613, 
149, 68842, 22613, 
150, 68842, 22613, 
150, 68842, 22613, 
151, 68842, 22613, 
151, 68842, 22613, 
152, 68842, 22613, 
152, 68842, 22613, 
153, 68842, 22613, 
153, 68842, 22613, 
154, 68842, 22613, 
154, 68842, 22613, 
155, 68842, 22613, 
155, 68842, 22613, 
156, 68842, 22613, 
156, 68842, 22613, 
157, 68842, 22613, 
157, 68842, 22613, 
158, 68842, 22613, 
158, 68842, 22613, 
159, 68842, 22613, 
159, 68842, 22613, 
160, 68842, 22613, 
160, 68842, 22613, 
161, 68842, 22613, 
161, 68842, 22613, 
162, 68842, 22613, 
162, 68842, 22613, 
163, 68842, 22613, 
163, 68842, 22613, 
164, 68842, 22613, 
164, 68842, 22613, 
165, 68842, 22613, 
165, 68842, 22613, 
166, 68842, 22613, 
166, 68842, 22613, 
167, 68842, 22613, 
167, 68842, 22613, 
168, 68842, 22613, 
168, 68842, 22613, 
169, 68842, 22613, 
169, 68842, 22613, 
170, 68842, 22613, 
170, 68842, 22613, 
171, 68842, 22613, 
171, 68842, 22613, 
172, 68842, 22613, 
172, 68842, 22613, 
173, 68842, 22613, 
173, 68842, 22613, 
174, 68842, 22613, 
174, 68842, 22613, 
175, 68842, 22613, 
175, 68842, 22613, 
176, 68842, 22613, 
176, 68842, 22613, 
177, 68842, 22613, 
177, 68842, 22613, 
178, 68842, 22613, 
178, 68842, 22613, 
179, 68842, 22613, 
179, 68842, 22613, 
180, 68842, 22613, 
180, 68842, 22613, 
181, 68842, 22613, 
181, 68842, 22613, 
182, 68842, 22613, 
182, 68842, 22613, 
183, 68842, 22613, 
183, 68842, 22613, 
184, 68842, 22613, 
184, 68842, 22613, 
185, 68842, 22613, 
185, 68842, 22613, 
186, 68842, 22613, 
186, 68842, 22613, 
187, 68842, 22613, 
187, 68842, 22613, 
188, 68842, 22613, 
188, 68842, 22613, 
189, 68842, 22613, 
189, 68842, 22613, 
190, 68842, 22613, 
190, 68842, 22613, 
191, 68846, 22621, 
192, 68850, 22628, 
193, 68854, 22634, 
194, 68858, 22639, 
195, 68862, 22643, 
196, 68866, 22646, 
197, 68870, 22648, 
198, 68874, 22649, 
200, 68874, 22649, 
200, 68874, 22649, 
200, 68874, 22649, 
200, 68874, 22649, 
200, 68874, 22649, 
200, 68874, 22649, 
200, 68874, 22649, 
200, 68874, 22649, 
200, 68874, 22649, 
0, 197496, 65144, 
1, 197496, 65144, 
1, 197496, 65144, 
2, 197496, 65144, 
2, 197496, 65144, 
3, 197496, 65144, 
3, 197496, 65144, 
4, 197496, 65144, 
4, 197496, 65144, 
5, 197496, 65144, 
5, 197496, 65144, 
6, 197496, 65144, 
6, 197496, 65144, 
7, 197496, 65144, 
7, 197496, 65144, 
8, 197496, 65144, 
8, 197496, 65144, 
9, 197496, 65144, 
9, 197496, 65144, 
10, 197496, 65144, 
10, 197496, 65144, 
11, 197496, 65144, 
11, 197496, 65144, 
12, 197496, 65144, 
12, 197496, 65144, 
13, 197496, 65144, 
13, 197496, 65144, 
14, 197496, 65144, 
14, 197496, 65144, 
15, 197496, 65144, 
15, 197496, 65144, 
16, 197496, 65144, 
16, 197496, 65144, 
17, 197496, 65144, 
17, 197496, 65144, 
18, 197496, 65144, 
18, 197496, 65144, 
19, 197496, 65144, 
19, 197496, 65144, 
20, 197496, 65144, 
20, 197496, 65144, 
21, 197496, 65144, 
21, 197496, 65144, 
22, 197496, 65144, 
22, 197496, 65144, 
23, 197496, 65144, 
23, 197496, 65144, 
24, 197496, 65144, 
24, 197496, 65144, 
25, 197496, 65144, 
25, 197496, 65144, 
26, 197496, 65144, 
26, 197496, 65144, 
27, 197496, 65144, 
27, 197496, 65144, 
28, 197496, 65144, 
28, 197496, 65144, 
29, 197496, 65144, 
29, 197496, 65144, 
30, 197496, 65144, 
30, 197496, 65144, 
31, 197496, 65144, 
31, 197496, 65144, 
32, 197496, 65144, 
32, 197496, 65144, 
33, 197496, 65144, 
33, 197496, 65144, 
34, 197496, 65144, 
34, 197496, 65144, 
35, 197496, 65144, 
35, 197496, 65144, 
36, 197496, 65144, 
36, 197496, 65144, 
37, 197496, 65144, 
37, 197496, 65144, 
38, 197496, 65144, 
38, 197496, 65144, 
39, 197496, 65144, 
39, 197496, 65144, 
40, 197496, 65144, 
40, 197496, 65144, 
41, 197496, 65144, 
41, 197496, 65144, 
42, 197496, 65144, 
42, 197496, 65144, 
43, 197496, 65144, 
43, 197496, 65144, 
44, 197496, 65144, 
44, 197496, 65144, 
45, 197496, 65144, 
45, 197496, 65144, 
46, 197496, 65144, 
46, 197496, 65144, 
47, 197496, 65144, 
47, 197496, 65144, 
48, 197496, 65144, 
48, 197496, 65144, 
49, 197496, 65144, 
49, 197496, 65144, 
50, 197496, 65144, 
50, 197496, 65144, 
51, 197496, 65144, 
51, 197496, 65144, 
52, 197496, 65144, 
52, 197496, 65144, 
53, 197496, 65144, 
53, 197496, 65144, 
54, 197496, 65144, 
54, 197496, 65144, 
55, 197496, 65144, 
55, 197496, 65144, 
56, 197496, 65144, 
56, 197496, 65144, 
57, 197496, 65144, 
57, 197496, 65144, 
58, 197496, 65144, 
58, 197496, 65144, 
59, 197496, 65144, 
59, 197496, 65144, 
60, 197496, 65144, 
60, 197496, 65144, 
61, 197496, 65144, 
61, 197496, 65144, 
62, 197496, 65144, 
62, 197496, 65144, 
63, 197496, 65144, 
63, 197496, 65144, 
64, 197496, 65144, 
64, 197496, 65144, 
65, 197496, 65144, 
65, 197496, 65144, 
66, 197496, 65144, 
66, 197496, 65144, 
67, 197496, 65144, 
67, 197496, 65144, 
68, 197496, 65144, 
68, 197496, 65144, 
69, 197496, 65144, 
69, 197496, 65144, 
70, 197496, 65144, 
70, 197496, 65144, 
71, 197496, 65144, 
71, 197496, 65144, 
72, 197496, 65144, 
72, 197496, 65144, 
73, 197496, 65144, 
73, 197496, 65144, 
74, 197496, 65144, 
74, 197496, 65144, 
75, 197496, 65144, 
75, 197496, 65144, 
76, 197496, 65144, 
76, 197496, 65144, 
77, 197496, 65144, 
77, 197496, 65144, 
78, 197496, 65144, 
78, 197496, 65144, 
79, 197496, 65144, 
79, 197496, 65144, 
80, 197496, 65144, 
80, 197496, 65144, 
81, 197496, 65144, 
81, 197496, 65144, 
82, 197496, 65144, 
82, 197496, 65144, 
83, 197496, 65144, 
83, 197496, 65144, 
84, 197496, 65144, 
84, 197496, 65144, 
85, 197496, 65144, 
85, 197496, 65144, 
86, 197496, 65144, 
86, 197496, 65144, 
87, 197496, 65144, 
87, 197496, 65144, 
88, 197496, 65144, 
88, 197496, 65144, 
89, 197496, 65144, 
89, 197496, 65144, 
90, 197496, 65144, 
90, 197496, 65144, 
91, 197496, 65144, 
91, 197496, 65144, 
92, 197496, 65144, 
92, 197496, 65144, 
93, 197496, 65144, 
93, 197496, 65144, 
94, 197496, 65144, 
94, 197496, 65144, 
95, 197496, 65144, 
95, 197496, 65144, 
96, 197496, 65144, 
96, 197496, 65144, 
97, 197496, 65144, 
97, 197496, 65144, 
98, 197496, 65144, 
98, 197496, 65144, 
99, 197496, 65144, 
99, 197496, 65144, 
100, 197496, 65144, 
100, 197496, 65144, 
101, 197496, 65144, 
101, 197496, 65144, 
102, 197496, 65144, 
102, 197496, 65144, 
103, 197496, 65144, 
103, 197496, 65144, 
104, 197496, 65144, 
104, 197496, 65144, 
105, 197496, 65144, 
105, 197496, 65144, 
106, 197496, 65144, 
106, 197496, 65144, 
107, 197496, 65144, 
107, 197496, 65144, 
108, 197496, 65144, 
108, 197496, 65144, 
109, 197496, 65144, 
109, 197496, 65144, 
110, 197496, 65144, 
110, 197496, 65144, 
111, 197496, 65144, 
111, 197496, 65144, 
112, 197496, 65144, 
112, 197496, 65144, 
113, 197496, 65144, 
113, 197496, 65144, 
114, 197496, 65144, 
114, 197496, 65144, 
115, 197496, 65144, 
115, 197496, 65144, 
116, 197496, 65144, 
116, 197496, 65144, 
117, 197496, 65144, 
117, 197496, 65144, 
118, 197496, 65144, 
118, 197496, 65144, 
119, 197496, 65144, 
119, 197496, 65144, 
120, 197496, 65144, 
120, 197496, 65144, 
121, 197496, 65144, 
121, 197496, 65144, 
122, 197496, 65144, 
122, 197496, 65144, 
123, 197496, 65144, 
123, 197496, 65144, 
124, 197496, 65144, 
124, 197496, 65144, 
125, 197496, 65144, 
125, 197496, 65144, 
126, 197496, 65144, 
126, 197496, 65144, 
127, 197496, 65144, 
127, 197496, 65144, 
128, 197496, 65144, 
128, 197496, 65144, 
129, 197496, 65144, 
129, 197496, 65144, 
130, 197496, 65144, 
130, 197496, 65144, 
131, 197496, 65144, 
131, 197496, 65144, 
132, 197496, 65144, 
132, 197496, 65144, 
133, 197496, 65144, 
133, 197496, 65144, 
134, 197496, 65144, 
134, 197496, 65144, 
135, 197496, 65144, 
135, 197496, 65144, 
136, 197496, 65144, 
136, 197496, 65144, 
137, 197496, 65144, 
137, 197496, 65144, 
138, 197496, 65144, 
138, 197496, 65144, 
139, 197496, 65144, 
139, 197496, 65144, 
140, 197496, 65144, 
140, 197496, 65144, 
141, 197496, 65144, 
141, 197496, 65144, 
142, 197496, 65144, 
142, 197496, 65144, 
143, 197496, 65144, 
143, 197496, 65144, 
144, 197496, 65144, 
144, 197496, 65144, 
145, 197496, 65144, 
145, 197496, 65144, 
146, 197496, 65144, 
146, 197496, 65144, 
147, 197496, 65144, 
147, 197496, 65144, 
148, 197496, 65144, 
148, 197496, 65144, 
149, 197496, 65144, 
149, 197496, 65144, 
150, 197496, 65144, 
150, 197496, 65144, 
151, 197496, 65144, 
151, 197496, 65144, 
152, 197496, 65144, 
152, 197496, 65144, 
153, 197496, 65144, 
153, 197496, 65144, 
154, 197496, 65144, 
154, 197496, 65144, 
155, 197496, 65144, 
155, 197496, 65144, 
156, 197496, 65144, 
156, 197496, 65144, 
157, 197496, 65144, 
157, 197496, 65144, 
158, 197496, 65144, 
158, 197496, 65144, 
159, 197496, 65144, 
159, 197496, 65144, 
160, 197496, 65144, 
160, 197496, 65144, 
161, 197496, 65144, 
161, 197496, 65144, 
162, 197496, 65144, 
162, 197496, 65144, 
163, 197496, 65144, 
163, 197496, 65144, 
164, 197496, 65144, 
164, 197496, 65144, 
165, 197496, 65144, 
165, 197496, 65144, 
166, 197496, 65144, 
166, 197496, 65144, 
167, 197496, 65144, 
167, 197496, 65144, 
168, 197496, 65144, 
168, 197496, 65144, 
169, 197496, 65144, 
169, 197496, 65144, 
170, 197496, 65144, 
170, 197496, 65144, 
171, 197496, 65144, 
171, 197496, 65144, 
172, 197496, 65144, 
172, 197496, 65144, 
173, 197496, 65144, 
173, 197496, 65144, 
174, 197496, 65144, 
174, 197496, 65144, 
175, 197496, 65144, 
175, 197496, 65144, 
176, 197496, 65144, 
176, 197496, 65144, 
177, 197496, 65144, 
177, 197496, 65144, 
178, 197496, 65144, 
178, 197496, 65144, 
179, 197496, 65144, 
179, 197496, 65144, 
180, 197496, 65144, 
180, 197496, 65144, 
181, 197496, 65144, 
181, 197496, 65144, 
182, 197496, 65144, 
182, 197496, 65144, 
183, 197496, 65144, 
183, 197496, 65144, 
184, 197496, 65144, 
184, 197496, 65144, 
185, 197496, 65144, 
185, 197496, 65144, 
186, 197496, 65144, 
186, 197496, 65144, 
187, 197496, 65144, 
187, 197496, 65144, 
188, 197496, 65144, 
188, 197496, 65144, 
189, 197496, 65144, 
189, 197496, 65144, 
190, 197496, 65144, 
190, 197496, 65144, 
191, 197496, 65144, 
191, 197496, 65144, 
192, 197496, 65144, 
192, 197496, 65144, 
193, 197496, 65144, 
193, 197496, 65144, 
194, 197496, 65144, 
194, 197496, 65144, 
195, 197496, 65144, 
195, 197496, 65144, 
196, 197496, 65144, 
196, 197496, 65144, 
197, 197496, 65144, 
197, 197496, 65144, 
198, 197496, 65144, 
198, 197496, 65144, 
199, 197496, 65144, 
199, 197496, 65144, 
200, 197496, 65144, 
200, 197496, 65144, 
201, 197496, 65144, 
201, 197496, 65144, 
202, 197496, 65144, 
202, 197496, 65144, 
203, 197496, 65144, 
203, 197496, 65144, 
204, 197496, 65144, 
204, 197496, 65144, 
205, 197496, 65144, 
205, 197496, 65144, 
206, 197496, 65144, 
206, 197496, 65144, 
207, 197496, 65144, 
207, 197496, 65144, 
208, 197496, 65144, 
208, 197496, 65144, 
209, 197496, 65144, 
209, 197496, 65144, 
210, 197496, 65144, 
210, 197496, 65144, 
211, 197496, 65144, 
211, 197496, 65144, 
212, 197496, 65144, 
212, 197496, 65144, 
213, 197496, 65144, 
213, 197496, 65144, 
214, 197496, 65144, 
214, 197496, 65144, 
215, 197496, 65144, 
215, 197496, 65144, 
216, 197496, 65144, 
216, 197496, 65144, 
217, 197496, 65144, 
217, 197496, 65144, 
218, 197496, 65144, 
218, 197496, 65144, 
219, 197496, 65144, 
219, 197496, 65144, 
220, 197496, 65144, 
220, 197496, 65144, 
221, 197496, 65144, 
221, 197496, 65144, 
222, 197496, 65144, 
222, 197496, 65144, 
223, 197496, 65144, 
223, 197496, 65144, 
224, 197496, 65144, 
224, 197496, 65144, 
225, 197496, 65144, 
225, 197496, 65144, 
226, 197496, 65144, 
226, 197496, 65144, 
227, 197496, 65144, 
227, 197496, 65144, 
228, 197496, 65144, 
228, 197496, 65144, 
229, 197496, 65144, 
229, 197496, 65144, 
230, 197496, 65144, 
230, 197496, 65144, 
231, 197496, 65144, 
231, 197496, 65144, 
232, 197496, 65144, 
232, 197496, 65144, 
233, 197496, 65144, 
233, 197496, 65144, 
234, 197496, 65144, 
234, 197496, 65144, 
235, 197496, 65144, 
235, 197496, 65144, 
236, 197496, 65144, 
236, 197496, 65144, 
237, 197496, 65144, 
237, 197496, 65144, 
238, 197496, 65144, 
238, 197496, 65144, 
239, 197496, 65144, 
239, 197496, 65144, 
240, 197496, 65144, 
240, 197496, 65144, 
241, 197496, 65144, 
241, 197496, 65144, 
242, 197496, 65144, 
242, 197496, 65144, 
243, 197496, 65144, 
243, 197496, 65144, 
244, 197496, 65144, 
244, 197496, 65144, 
245, 197496, 65144, 
245, 197496, 65144, 
246, 197496, 65144, 
246, 197496, 65144, 
247, 197496, 65144, 
247, 197496, 65144, 
248, 197496, 65144, 
248, 197496, 65144, 
249, 197496, 65144, 
249, 197496, 65144, 
250, 197496, 65144, 
250, 197496, 65144, 
251, 197496, 65144, 
251, 197496, 65144, 
252, 197496, 65144, 
252, 197496, 65144, 
253, 197496, 65144, 
253, 197496, 65144, 
254, 197496, 65144, 
254, 197496, 65144, 
255, 197496, 65144, 
255, 197496, 65144, 
256, 197496, 65144, 
256, 197496, 65144, 
257, 197496, 65144, 
257, 197496, 65144, 
258, 197496, 65144, 
258, 197496, 65144, 
259, 197496, 65144, 
259, 197496, 65144, 
260, 197496, 65144, 
260, 197496, 65144, 
261, 197496, 65144, 
261, 197496, 65144, 
262, 197496, 65144, 
262, 197496, 65144, 
263, 197496, 65144, 
263, 197496, 65144, 
264, 197496, 65144, 
264, 197496, 65144, 
265, 197496, 65144, 
265, 197496, 65144, 
266, 197496, 65144, 
266, 197496, 65144, 
267, 197496, 65144, 
267, 197496, 65144, 
268, 197496, 65144, 
268, 197496, 65144, 
269, 197496, 65144, 
269, 197496, 65144, 
270, 197496, 65144, 
270, 197496, 65144, 
271, 197496, 65144, 
271, 197496, 65144, 
272, 197496, 65144, 
272, 197496, 65144, 
273, 197496, 65144, 
273, 197496, 65144, 
274, 197496, 65144, 
274, 197496, 65144, 
275, 197496, 65144, 
275, 197496, 65144, 
276, 197496, 65144, 
276, 197496, 65144, 
277, 197496, 65144, 
277, 197496, 65144, 
278, 197496, 65144, 
278, 197496, 65144, 
279, 197496, 65144, 
279, 197496, 65144, 
280, 197496, 65144, 
280, 197496, 65144, 
281, 197496, 65144, 
281, 197496, 65144, 
282, 197496, 65144, 
282, 197496, 65144, 
283, 197496, 65144, 
283, 197496, 65144, 
284, 197496, 65144, 
284, 197496, 65144, 
285, 197496, 65144, 
285, 197496, 65144, 
286, 197496, 65144, 
286, 197496, 65144, 
287, 197496, 65144, 
287, 197496, 65144, 
288, 197496, 65144, 
288, 197496, 65144, 
289, 197496, 65144, 
289, 197496, 65144, 
290, 197496, 65144, 
290, 197496, 65144, 
291, 197500, 65152, 
292, 197504, 65159, 
293, 197508, 65165, 
294, 197512, 65170, 
295, 197516, 65174, 
296, 197520, 65177, 
297, 197524, 65179, 
298, 197528, 65180, 
300, 197528, 65180, 
300, 197528, 65180, 
300, 197528, 65180, 
300, 197528, 65180, 
300, 197528, 65180, 
300, 197528, 65180, 
300, 197528, 65180, 
300, 197528, 65180, 
300, 197528, 65180, 
0, 429000, 141825, 
1, 429000, 141825, 
1, 429000, 141825, 
2, 429000, 141825, 
2, 429000, 141825, 
3, 429000, 141825, 
3, 429000, 141825, 
4, 429000, 141825, 
4, 429000, 141825, 
5, 429000, 141825, 
5, 429000, 141825, 
6, 429000, 141825, 
6, 429000, 141825, 
7, 429000, 141825, 
7, 429000, 141825, 
8, 429000, 141825, 
8, 429000, 141825, 
9, 429000, 141825, 
9, 429000, 141825, 
10, 429000, 141825, 
10, 429000, 141825, 
11, 429000, 141825, 
11, 429000, 141825, 
12, 429000, 141825, 
12, 429000, 141825, 
13, 429000, 141825, 
13, 429000, 141825, 
14, 429000, 141825, 
14, 429000, 141825, 
15, 429000, 141825, 
15, 429000, 141825, 
16, 429000, 141825, 
16, 429000, 141825, 
17, 429000, 141825, 
17, 429000, 141825, 
18, 429000, 141825, 
18, 429000, 141825, 
19, 429000, 141825, 
19, 429000, 141825, 
20, 429000, 141825, 
20, 429000, 141825, 
21, 429000, 141825, 
21, 429000, 141825, 
22, 429000, 141825, 
22, 429000, 141825, 
23, 429000, 141825, 
23, 429000, 141825, 
24, 429000, 141825, 
24, 429000, 141825, 
25, 429000, 141825, 
25, 429000, 141825, 
26, 429000, 141825, 
26, 429000, 141825, 
27, 429000, 141825, 
27, 429000, 141825, 
28, 429000, 141825, 
28, 429000, 141825, 
29, 429000, 141825, 
29, 429000, 141825, 
30, 429000, 141825, 
30, 429000, 141825, 
31, 429000, 141825, 
31, 429000, 141825, 
32, 429000, 141825, 
32, 429000, 141825, 
33, 429000, 141825, 
33, 429000, 141825, 
34, 429000, 141825, 
34, 429000, 141825, 
35, 429000, 141825, 
35, 429000, 141825, 
36, 429000, 141825, 
36, 429000, 141825, 
37, 429000, 141825, 
37, 429000, 141825, 
38, 429000, 141825, 
38, 429000, 141825, 
39, 429000, 141825, 
39, 429000, 141825, 
40, 429000, 141825, 
40, 429000, 141825, 
41, 429000, 141825, 
41, 429000, 141825, 
42, 429000, 141825, 
42, 429000, 141825, 
43, 429000, 141825, 
43, 429000, 141825, 
44, 429000, 141825, 
44, 429000, 141825, 
45, 429000, 141825, 
45, 429000, 141825, 
46, 429000, 141825, 
46, 429000, 141825, 
47, 429000, 141825, 
47, 429000, 141825, 
48, 429000, 141825, 
48, 429000, 141825, 
49, 429000, 141825, 
49, 429000, 141825, 
50, 429000, 141825, 
50, 429000, 141825, 
51, 429000, 141825, 
51, 429000, 141825, 
52, 429000, 141825, 
52, 429000, 141825, 
53, 429000, 141825, 
53, 429000, 141825, 
54, 429000, 141825, 
54, 429000, 141825, 
55, 429000, 141825, 
55, 429000, 141825, 
56, 429000, 141825, 
56, 429000, 141825, 
57, 429000, 141825, 
57, 429000, 141825, 
58, 429000, 141825, 
58, 429000, 141825, 
59, 429000, 141825, 
59, 429000, 141825, 
60, 429000, 141825, 
60, 429000, 141825, 
61, 429000, 141825, 
61, 429000, 141825, 
62, 429000, 141825, 
62, 429000, 141825, 
63, 429000, 141825, 
63, 429000, 141825, 
64, 429000, 141825, 
64, 429000, 141825, 
65, 429000, 141825, 
65, 429000, 141825, 
66, 429000, 141825, 
66, 429000, 141825, 
67, 429000, 141825, 
67, 429000, 141825, 
68, 429000, 141825, 
68, 429000, 141825, 
69, 429000, 141825, 
69, 429000, 141825, 
70, 429000, 141825, 
70, 429000, 141825, 
71, 429000, 141825, 
71, 429000, 141825, 
72, 429000, 141825, 
72, 429000, 141825, 
73, 429000, 141825, 
73, 429000, 141825, 
74, 429000, 141825, 
74, 429000, 141825, 
75, 429000, 141825, 
75, 429000, 141825, 
76, 429000, 141825, 
76, 429000, 141825, 
77, 429000, 141825, 
77, 429000, 141825, 
78, 429000, 141825, 
78, 429000, 141825, 
79, 429000, 141825, 
79, 429000, 141825, 
80, 429000, 141825, 
80, 429000, 141825, 
81, 429000, 141825, 
81, 429000, 141825, 
82, 429000, 141825, 
82, 429000, 141825, 
83, 429000, 141825, 
83, 429000, 141825, 
84, 429000, 141825, 
84, 429000, 141825, 
85, 429000, 141825, 
85, 429000, 141825, 
86, 429000, 141825, 
86, 429000, 141825, 
87, 429000, 141825, 
87, 429000, 141825, 
88, 429000, 141825, 
88, 429000, 141825, 
89, 429000, 141825, 
89, 429000, 141825, 
90, 429000, 141825, 
90, 429000, 141825, 
91, 429000, 141825, 
91, 429000, 141825, 
92, 429000, 141825, 
92, 429000, 141825, 
93, 429000, 141825, 
93, 429000, 141825, 
94, 429000, 141825, 
94, 429000, 141825, 
95, 429000, 141825, 
95, 429000, 141825, 
96, 429000, 141825, 
96, 429000, 141825, 
97, 429000, 141825, 
97, 429000, 141825, 
98, 429000, 141825, 
98, 429000, 141825, 
99, 429000, 141825, 
99, 429000, 141825, 
100, 429000, 141825, 
100, 429000, 141825, 
101, 429000, 141825, 
101, 429000, 141825, 
102, 429000, 141825, 
102, 429000, 141825, 
103, 429000, 141825, 
103, 429000, 141825, 
104, 429000, 141825, 
104, 429000, 141825, 
105, 429000, 141825, 
105, 429000, 141825, 
106, 429000, 141825, 
106, 429000, 141825, 
107, 429000, 141825, 
107, 429000, 141825, 
108, 429000, 141825, 
108, 429000, 141825, 
109, 429000, 141825, 
109, 429000, 141825, 
110, 429000, 141825, 
110, 429000, 141825, 
111, 429000, 141825, 
111, 429000, 141825, 
112, 429000, 141825, 
112, 429000, 141825, 
113, 429000, 141825, 
113, 429000, 141825, 
114, 429000, 141825, 
114, 429000, 141825, 
115, 429000, 141825, 
115, 429000, 141825, 
116, 429000, 141825, 
116, 429000, 141825, 
117, 429000, 141825, 
117, 429000, 141825, 
118, 429000, 141825, 
118, 429000, 141825, 
119, 429000, 141825, 
119, 429000, 141825, 
120, 429000, 141825, 
120, 429000, 141825, 
121, 429000, 141825, 
121, 429000, 141825, 
122, 429000, 141825, 
122, 429000, 141825, 
123, 429000, 141825, 
123, 429000, 141825, 
124, 429000, 141825, 
124, 429000, 141825, 
125, 429000, 141825, 
125, 429000, 141825, 
126, 429000, 141825, 
126, 429000, 141825, 
127, 429000, 141825, 
127, 429000, 141825, 
128, 429000, 141825, 
128, 429000, 141825, 
129, 429000, 141825, 
129, 429000, 141825, 
130, 429000, 141825, 
130, 429000, 141825, 
131, 429000, 141825, 
131, 429000, 141825, 
132, 429000, 141825, 
132, 429000, 141825, 
133, 429000, 141825, 
133, 429000, 141825, 
134, 429000, 141825, 
134, 429000, 141825, 
135, 429000, 141825, 
135, 429000, 141825, 
136, 429000, 141825, 
136, 429000, 141825, 
137, 429000, 141825, 
137, 429000, 141825, 
138, 429000, 141825, 
138, 429000, 141825, 
139, 429000, 141825, 
139, 429000, 141825, 
140, 429000, 141825, 
140, 429000, 141825, 
141, 429000, 141825, 
141, 429000, 141825, 
142, 429000, 141825, 
142, 429000, 141825, 
143, 429000, 141825, 
143, 429000, 141825, 
144, 429000, 141825, 
144, 429000, 141825, 
145, 429000, 141825, 
145, 429000, 141825, 
146, 429000, 141825, 
146, 429000, 141825, 
147, 429000, 141825, 
147, 429000, 141825, 
148, 429000, 141825, 
148, 429000, 141825, 
149, 429000, 141825, 
149, 429000, 141825, 
150, 429000, 141825, 
150, 429000, 141825, 
151, 429000, 141825, 
151, 429000, 141825, 
152, 429000, 141825, 
152, 429000, 141825, 
153, 429000, 141825, 
153, 429000, 141825, 
154, 429000, 141825, 
154, 429000, 141825, 
155, 429000, 141825, 
155, 429000, 141825, 
156, 429000, 141825, 
156, 429000, 141825, 
157, 429000, 141825, 
157, 429000, 141825, 
158, 429000, 141825, 
158, 429000, 141825, 
159, 429000, 141825, 
159, 429000, 141825, 
160, 429000, 141825, 
160, 429000, 141825, 
161, 429000, 141825, 
161, 429000, 141825, 
162, 429000, 141825, 
162, 429000, 141825, 
163, 429000, 141825, 
163, 429000, 141825, 
164, 429000, 141825, 
164, 429000, 141825, 
165, 429000, 141825, 
165, 429000, 141825, 
166, 429000, 141825, 
166, 429000, 141825, 
167, 429000, 141825, 
167, 429000, 141825, 
168, 429000, 141825, 
168, 429000, 141825, 
169, 429000, 141825, 
169, 429000, 141825, 
170, 429000, 141825, 
170, 429000, 141825, 
171, 429000, 141825, 
171, 429000, 141825, 
172, 429000, 141825, 
172, 429000, 141825, 
173, 429000, 141825, 
173, 429000, 141825, 
174, 429000, 141825, 
174, 429000, 141825, 
175, 429000, 141825, 
175, 429000, 141825, 
176, 429000, 141825, 
176, 429000, 141825, 
177, 429000, 141825, 
177, 429000, 141825, 
178, 429000, 141825, 
178, 429000, 141825, 
179, 429000, 141825, 
179, 429000, 141825, 
180, 429000, 141825, 
180, 429000, 141825, 
181, 429000, 141825, 
181, 429000, 141825, 
182, 429000, 141825, 
182, 429000, 141825, 
183, 429000, 141825, 
183, 429000, 141825, 
184, 429000, 141825, 
184, 429000, 141825, 
185, 429000, 141825, 
185, 429000, 141825, 
186, 429000, 141825, 
186, 429000, 141825, 
187, 429000, 141825, 
187, 429000, 141825, 
188, 429000, 141825, 
188, 429000, 141825, 
189, 429000, 141825, 
189, 429000, 141825, 
190, 429000, 141825, 
190, 429000, 141825, 
191, 429000, 141825, 
191, 429000, 141825, 
192, 429000, 141825, 
192, 429000, 141825, 
193, 429000, 141825, 
193, 429000, 141825, 
194, 429000, 141825, 
194, 429000, 141825, 
195, 429000, 141825, 
195, 429000, 141825, 
196, 429000, 141825, 
196, 429000, 141825, 
197, 429000, 141825, 
197, 429000, 141825, 
198, 429000, 141825, 
198, 429000, 141825, 
199, 429000, 141825, 
199, 429000, 141825, 
200, 429000, 141825, 
200, 429000, 141825, 
201, 429000, 141825, 
201, 429000, 141825, 
202, 429000, 141825, 
202, 429000, 141825, 
203, 429000, 141825, 
203, 429000, 141825, 
204, 429000, 141825, 
204, 429000, 141825, 
205, 429000, 141825, 
205, 429000, 141825, 
206, 429000, 141825, 
206, 429000, 141825, 
207, 429000, 141825, 
207, 429000, 141825, 
208, 429000, 141825, 
208, 429000, 141825, 
209, 429000, 141825, 
209, 429000, 141825, 
210, 429000, 141825, 
210, 429000, 141825, 
211, 429000, 141825, 
211, 429000, 141825, 
212, 429000, 141825, 
212, 429000, 141825, 
213, 429000, 141825, 
213, 429000, 141825, 
214, 429000, 141825, 
214, 429000, 141825, 
215, 429000, 141825, 
215, 429000, 141825, 
216, 429000, 141825, 
216, 429000, 141825, 
217, 429000, 141825, 
217, 429000, 141825, 
218, 429000, 141825, 
218, 429000, 141825, 
219, 429000, 141825, 
219, 429000, 141825, 
220, 429000, 141825, 
220, 429000, 141825, 
221, 429000, 141825, 
221, 429000, 141825, 
222, 429000, 141825, 
222, 429000, 141825, 
223, 429000, 141825, 
223, 429000, 141825, 
224, 429000, 141825, 
224, 429000, 141825, 
225, 429000, 141825, 
225, 429000, 141825, 
226, 429000, 141825, 
226, 429000, 141825, 
227, 429000, 141825, 
227, 429000, 141825, 
228, 429000, 141825, 
228, 429000, 141825, 
229, 429000, 141825, 
229, 429000, 141825, 
230, 429000, 141825, 
230, 429000, 141825, 
231, 429000, 141825, 
231, 429000, 141825, 
232, 429000, 141825, 
232, 429000, 141825, 
233, 429000, 141825, 
233, 429000, 141825, 
234, 429000, 141825, 
234, 429000, 141825, 
235, 429000, 141825, 
235, 429000, 141825, 
236, 429000, 141825, 
236, 429000, 141825, 
237, 429000, 141825, 
237, 429000, 141825, 
238, 429000, 141825, 
238, 429000, 141825, 
239, 429000, 141825, 
239, 429000, 141825, 
240, 429000, 141825, 
240, 429000, 141825, 
241, 429000, 141825, 
241, 429000, 141825, 
242, 429000, 141825, 
242, 429000, 141825, 
243, 429000, 141825, 
243, 429000, 141825, 
244, 429000, 141825, 
244, 429000, 141825, 
245, 429000, 141825, 
245, 429000, 141825, 
246, 429000, 141825, 
246, 429000, 141825, 
247, 429000, 141825, 
247, 429000, 141825, 
248, 429000, 141825, 
248, 429000, 141825, 
249, 429000, 141825, 
249, 429000, 141825, 
250, 429000, 141825, 
250, 429000, 141825, 
251, 429000, 141825, 
251, 429000, 141825, 
252, 429000, 141825, 
252, 429000, 141825, 
253, 429000, 141825, 
253, 429000, 141825, 
254, 429000, 141825, 
254, 429000, 141825, 
255, 429000, 141825, 
255, 429000, 141825, 
256, 429000, 141825, 
256, 429000, 141825, 
257, 429000, 141825, 
257, 429000, 141825, 
258, 429000, 141825, 
258, 429000, 141825, 
259, 429000, 141825, 
259, 429000, 141825, 
260, 429000, 141825, 
260, 429000, 141825, 
261, 429000, 141825, 
261, 429000, 141825, 
262, 429000, 141825, 
262, 429000, 141825, 
263, 429000, 141825, 
263, 429000, 141825, 
264, 429000, 141825, 
264, 429000, 141825, 
265, 429000, 141825, 
265, 429000, 141825, 
266, 429000, 141825, 
266, 429000, 141825, 
267, 429000, 141825, 
267, 429000, 141825, 
268, 429000, 141825, 
268, 429000, 141825, 
269, 429000, 141825, 
269, 429000, 141825, 
270, 429000, 141825, 
270, 429000, 141825, 
271, 429000, 141825, 
271, 429000, 141825, 
272, 429000, 141825, 
272, 429000, 141825, 
273, 429000, 141825, 
273, 429000, 141825, 
274, 429000, 141825, 
274, 429000, 141825, 
275, 429000, 141825, 
275, 429000, 141825, 
276, 429000, 141825, 
276, 429000, 141825, 
277, 429000, 141825, 
277, 429000, 141825, 
278, 429000, 141825, 
278, 429000, 141825, 
279, 429000, 141825, 
279, 429000, 141825, 
280, 429000, 141825, 
280, 429000, 141825, 
281, 429000, 141825, 
281, 429000, 141825, 
282, 429000, 141825, 
282, 429000, 141825, 
283, 429000, 141825, 
283, 429000, 141825, 
284, 429000, 141825, 
284, 429000, 141825, 
285, 429000, 141825, 
285, 429000, 141825, 
286, 429000, 141825, 
286, 429000, 141825, 
287, 429000, 141825, 
287, 429000, 141825, 
288, 429000, 141825, 
288, 429000, 141825, 
289, 429000, 141825, 
289, 429000, 141825, 
290, 429000, 141825, 
290, 429000, 141825, 
291, 429000, 141825, 
291, 429000, 141825, 
292, 429000, 141825, 
292, 429000, 141825, 
293, 429000, 141825, 
293, 429000, 141825, 
294, 429000, 141825, 
294, 429000, 141825, 
295, 429000, 141825, 
295, 429000, 141825, 
296, 429000, 141825, 
296, 429000, 141825, 
297, 429000, 141825, 
297, 429000, 141825, 
298, 429000, 141825, 
298, 429000, 141825, 
299, 429000, 141825, 
299, 429000, 141825, 
300, 429000, 141825, 
300, 429000, 141825, 
301, 429000, 141825, 
301, 429000, 141825, 
302, 429000, 141825, 
302, 429000, 141825, 
303, 429000, 141825, 
303, 429000, 141825, 
304, 429000, 141825, 
304, 429000, 141825, 
305, 429000, 141825, 
305, 429000, 141825, 
306, 429000, 141825, 
306, 429000, 141825, 
307, 429000, 141825, 
307, 429000, 141825, 
308, 429000, 141825, 
308, 429000, 141825, 
309, 429000, 141825, 
309, 429000, 141825, 
310, 429000, 141825, 
310, 429000, 141825, 
311, 429000, 141825, 
311, 429000, 141825, 
312, 429000, 141825, 
312, 429000, 141825, 
313, 429000, 141825, 
313, 429000, 141825, 
314, 429000, 141825, 
314, 429000, 141825, 
315, 429000, 141825, 
315, 429000, 141825, 
316, 429000, 141825, 
316, 429000, 141825, 
317, 429000, 141825, 
317, 429000, 141825, 
318, 429000, 141825, 
318, 429000, 141825, 
319, 429000, 141825, 
319, 429000, 141825, 
320, 429000, 141825, 
320, 429000, 141825, 
321, 429000, 141825, 
321, 429000, 141825, 
322, 429000, 141825, 
322, 429000, 141825, 
323, 429000, 141825, 
323, 429000, 141825, 
324, 429000, 141825, 
324, 429000, 141825, 
325, 429000, 141825, 
325, 429000, 141825, 
326, 429000, 141825, 
326, 429000, 141825, 
327, 429000, 141825, 
327, 429000, 141825, 
328, 429000, 141825, 
328, 429000, 141825, 
329, 429000, 141825, 
329, 429000, 141825, 
330, 429000, 141825, 
330, 429000, 141825, 
331, 429000, 141825, 
331, 429000, 141825, 
332, 429000, 141825, 
332, 429000, 141825, 
333, 429000, 141825, 
333, 429000, 141825, 
334, 429000, 141825, 
334, 429000, 141825, 
335, 429000, 141825, 
335, 429000, 141825, 
336, 429000, 141825, 
336, 429000, 141825, 
337, 429000, 141825, 
337, 429000, 141825, 
338, 429000, 141825, 
338, 429000, 141825, 
339, 429000, 141825, 
339, 429000, 141825, 
340, 429000, 141825, 
340, 429000, 141825, 
341, 429000, 141825, 
341, 429000, 141825, 
342, 429000, 141825, 
342, 429000, 141825, 
343, 429000, 141825, 
343, 429000, 141825, 
344, 429000, 141825, 
344, 429000, 141825, 
345, 429000, 141825, 
345, 429000, 141825, 
346, 429000, 141825, 
346, 429000, 141825, 
347, 429000, 141825, 
347, 429000, 141825, 
348, 429000, 141825, 
348, 429000, 141825, 
349, 429000, 141825, 
349, 429000, 141825, 
350, 429000, 141825, 
350, 429000, 141825, 
351, 429000, 141825, 
351, 429000, 141825, 
352, 429000, 141825, 
352, 429000, 141825, 
353, 429000, 141825, 
353, 429000, 141825, 
354, 429000, 141825, 
354, 429000, 141825, 
355, 429000, 141825, 
355, 429000, 141825, 
356, 429000, 141825, 
356, 429000, 141825, 
357, 429000, 141825, 
357, 429000, 141825, 
358, 429000, 141825, 
358, 429000, 141825, 
359, 429000, 141825, 
359, 429000, 141825, 
360, 429000, 141825, 
360, 429000, 141825, 
361, 429000, 141825, 
361, 429000, 141825, 
362, 429000, 141825, 
362, 429000, 141825, 
363, 429000, 141825, 
363, 429000, 141825, 
364, 429000, 141825, 
364, 429000, 141825, 
365, 429000, 141825, 
365, 429000, 141825, 
366, 429000, 141825, 
366, 429000, 141825, 
367, 429000, 141825, 
367, 429000, 141825, 
368, 429000, 141825, 
368, 429000, 141825, 
369, 429000, 141825, 
369, 429000, 141825, 
370, 429000, 141825, 
370, 429000, 141825, 
371, 429000, 141825, 
371, 429000, 141825, 
372, 429000, 141825, 
372, 429000, 141825, 
373, 429000, 141825, 
373, 429000, 141825, 
374, 429000, 141825, 
374, 429000, 141825, 
375, 429000, 141825, 
375, 429000, 141825, 
376, 429000, 141825, 
376, 429000, 141825, 
377, 429000, 141825, 
377, 429000, 141825, 
378, 429000, 141825, 
378, 429000, 141825, 
379, 429000, 141825, 
379, 429000, 141825, 
380, 429000, 141825, 
380, 429000, 141825, 
381, 429000, 141825, 
381, 429000, 141825, 
382, 429000, 141825, 
382, 429000, 141825, 
383, 429000, 141825, 
383, 429000, 141825, 
384, 429000, 141825, 
384, 429000, 141825, 
385, 429000, 141825, 
385, 429000, 141825, 
386, 429000, 141825, 
386, 429000, 141825, 
387, 429000, 141825, 
387, 429000, 141825, 
388, 429000, 141825, 
388, 429000, 141825, 
389, 429000, 141825, 
389, 429000, 141825, 
390, 429000, 141825, 
390, 429000, 141825, 
391, 429004, 141833, 
392, 429008, 141840, 
393, 429012, 141846, 
394, 429016, 141851, 
395, 429020, 141855, 
396, 429024, 141858, 
397, 429028, 141860, 
398, 429032, 141861, 
400, 429032, 141861, 
400, 429032, 141861, 
400, 429032, 141861, 
400, 429032, 141861, 
400, 429032, 141861, 
400, 429032, 141861, 
400, 429032, 141861, 
400, 429032, 141861, 
400, 429032, 141861, 
0, 793354, 262656, 
1, 793354, 262656, 
1, 793354, 262656, 
2, 793354, 262656, 
2, 793354, 262656, 
3, 793354, 262656, 
3, 793354, 262656, 
4, 793354, 262656, 
4, 793354, 262656, 
5, 793354, 262656, 
5, 793354, 262656, 
6, 793354, 262656, 
6, 793354, 262656, 
7, 793354, 262656, 
7, 793354, 262656, 
8, 793354, 262656, 
8, 793354, 262656, 
9, 793354, 262656, 
9, 793354, 262656, 
10, 793354, 262656, 
10, 793354, 262656, 
11, 793354, 262656, 
11, 793354, 262656, 
12, 793354, 262656, 
12, 793354, 262656, 
13, 793354, 262656, 
13, 793354, 262656, 
14, 793354, 262656, 
14, 793354, 262656, 
15, 793354, 262656, 
15, 793354, 262656, 
16, 793354, 262656, 
16, 793354, 262656, 
17, 793354, 262656, 
17, 793354, 262656, 
18, 793354, 262656, 
18, 793354, 262656, 
19, 793354, 262656, 
19, 793354, 262656, 
20, 793354, 262656, 
20, 793354, 262656, 
21, 793354, 262656, 
21, 793354, 262656, 
22, 793354, 262656, 
22, 793354, 262656, 
23, 793354, 262656, 
23, 793354, 262656, 
24, 793354, 262656, 
24, 793354, 262656, 
25, 793354, 262656, 
25, 793354, 262656, 
26, 793354, 262656, 
26, 793354, 262656, 
27, 793354, 262656, 
27, 793354, 262656, 
28, 793354, 262656, 
28, 793354, 262656, 
29, 793354, 262656, 
29, 793354, 262656, 
30, 793354, 262656, 
30, 793354, 262656, 
31, 793354, 262656, 
31, 793354, 262656, 
32, 793354, 262656, 
32, 793354, 262656, 
33, 793354, 262656, 
33, 793354, 262656, 
34, 793354, 262656, 
34, 793354, 262656, 
35, 793354, 262656, 
35, 793354, 262656, 
36, 793354, 262656, 
36, 793354, 262656, 
37, 793354, 262656, 
37, 793354, 262656, 
38, 793354, 262656, 
38, 793354, 262656, 
39, 793354, 262656, 
39, 793354, 262656, 
40, 793354, 262656, 
40, 793354, 262656, 
41, 793354, 262656, 
41, 793354, 262656, 
42, 793354, 262656, 
42, 793354, 262656, 
43, 793354, 262656, 
43, 793354, 262656, 
44, 793354, 262656, 
44, 793354, 262656, 
45, 793354, 262656, 
45, 793354, 262656, 
46, 793354, 262656, 
46, 793354, 262656, 
47, 793354, 262656, 
47, 793354, 262656, 
48, 793354, 262656, 
48, 793354, 262656, 
49, 793354, 262656, 
49, 793354, 262656, 
50, 793354, 262656, 
50, 793354, 262656, 
51, 793354, 262656, 
51, 793354, 262656, 
52, 793354, 262656, 
52, 793354, 262656, 
53, 793354, 262656, 
53, 793354, 262656, 
54, 793354, 262656, 
54, 793354, 262656, 
55, 793354, 262656, 
55, 793354, 262656, 
56, 793354, 262656, 
56, 793354, 262656, 
57, 793354, 262656, 
57, 793354, 262656, 
58, 793354, 262656, 
58, 793354, 262656, 
59, 793354, 262656, 
59, 793354, 262656, 
60, 793354, 262656, 
60, 793354, 262656, 
61, 793354, 262656, 
61, 793354, 262656, 
62, 793354, 262656, 
62, 793354, 262656, 
63, 793354, 262656, 
63, 793354, 262656, 
64, 793354, 262656, 
64, 793354, 262656, 
65, 793354, 262656, 
65, 793354, 262656, 
66, 793354, 262656, 
66, 793354, 262656, 
67, 793354, 262656, 
67, 793354, 262656, 
68, 793354, 262656, 
68, 793354, 262656, 
69, 793354, 262656, 
69, 793354, 262656, 
70, 793354, 262656, 
70, 793354, 262656, 
71, 793354, 262656, 
71, 793354, 262656, 
72, 793354, 262656, 
72, 793354, 262656, 
73, 793354, 262656, 
73, 793354, 262656, 
74, 793354, 262656, 
74, 793354, 262656, 
75, 793354, 262656, 
75, 793354, 262656, 
76, 793354, 262656, 
76, 793354, 262656, 
77, 793354, 262656, 
77, 793354, 262656, 
78, 793354, 262656, 
78, 793354, 262656, 
79, 793354, 262656, 
79, 793354, 262656, 
80, 793354, 262656, 
80, 793354, 262656, 
81, 793354, 262656, 
81, 793354, 262656, 
82, 793354, 262656, 
82, 793354, 262656, 
83, 793354, 262656, 
83, 793354, 262656, 
84, 793354, 262656, 
84, 793354, 262656, 
85, 793354, 262656, 
85, 793354, 262656, 
86, 793354, 262656, 
86, 793354, 262656, 
87, 793354, 262656, 
87, 793354, 262656, 
88, 793354, 262656, 
88, 793354, 262656, 
89, 793354, 262656, 
89, 793354, 262656, 
90, 793354, 262656, 
90, 793354, 262656, 
91, 793354, 262656, 
91, 793354, 262656, 
92, 793354, 262656, 
92, 793354, 262656, 
93, 793354, 262656, 
93, 793354, 262656, 
94, 793354, 262656, 
94, 793354, 262656, 
95, 793354, 262656, 
95, 793354, 262656, 
96, 793354, 262656, 
96, 793354, 262656, 
97, 793354, 262656, 
97, 793354, 262656, 
98, 793354, 262656, 
98, 793354, 262656, 
99, 793354, 262656, 
99, 793354, 262656, 
100, 793354, 262656, 
100, 793354, 262656, 
101, 793354, 262656, 
101, 793354, 262656, 
102, 793354, 262656, 
102, 793354, 262656, 
103, 793354, 262656, 
103, 793354, 262656, 
104, 793354, 262656, 
104, 793354, 262656, 
105, 793354, 262656, 
105, 793354, 262656, 
106, 793354, 262656, 
106, 793354, 262656, 
107, 793354, 262656, 
107, 793354, 262656, 
108, 793354, 262656, 
108, 793354, 262656, 
109, 793354, 262656, 
109, 793354, 262656, 
110, 793354, 262656, 
110, 793354, 262656, 
111, 793354, 262656, 
111, 793354, 262656, 
112, 793354, 262656, 
112, 793354, 262656, 
113, 793354, 262656, 
113, 793354, 262656, 
114, 793354, 262656, 
114, 793354, 262656, 
115, 793354, 262656, 
115, 793354, 262656, 
116, 793354, 262656, 
116, 793354, 262656, 
117, 793354, 262656, 
117, 793354, 262656, 
118, 793354, 262656, 
118, 793354, 262656, 
119, 793354, 262656, 
119, 793354, 262656, 
120, 793354, 262656, 
120, 793354, 262656, 
121, 793354, 262656, 
121, 793354, 262656, 
122, 793354, 262656, 
122, 793354, 262656, 
123, 793354, 262656, 
123, 793354, 262656, 
124, 793354, 262656, 
124, 793354, 262656, 
125, 793354, 262656, 
125, 793354, 262656, 
126, 793354, 262656, 
126, 793354, 262656, 
127, 793354, 262656, 
127, 793354, 262656, 
128, 793354, 262656, 
128, 793354, 262656, 
129, 793354, 262656, 
129, 793354, 262656, 
130, 793354, 262656, 
130, 793354, 262656, 
131, 793354, 262656, 
131, 793354, 262656, 
132, 793354, 262656, 
132, 793354, 262656, 
133, 793354, 262656, 
133, 793354, 262656, 
134, 793354, 262656, 
134, 793354, 262656, 
135, 793354, 262656, 
135, 793354, 262656, 
136, 793354, 262656, 
136, 793354, 262656, 
137, 793354, 262656, 
137, 793354, 262656, 
138, 793354, 262656, 
138, 793354, 262656, 
139, 793354, 262656, 
139, 793354, 262656, 
140, 793354, 262656, 
140, 793354, 262656, 
141, 793354, 262656, 
141, 793354, 262656, 
142, 793354, 262656, 
142, 793354, 262656, 
143, 793354, 262656, 
143, 793354, 262656, 
144, 793354, 262656, 
144, 793354, 262656, 
145, 793354, 262656, 
145, 793354, 262656, 
146, 793354, 262656, 
146, 793354, 262656, 
147, 793354, 262656, 
147, 793354, 262656, 
148, 793354, 262656, 
148, 793354, 262656, 
149, 793354, 262656, 
149, 793354, 262656, 
150, 793354, 262656, 
150, 793354, 262656, 
151, 793354, 262656, 
151, 793354, 262656, 
152, 793354, 262656, 
152, 793354, 262656, 
153, 793354, 262656, 
153, 793354, 262656, 
154, 793354, 262656, 
154, 793354, 262656, 
155, 793354, 262656, 
155, 793354, 262656, 
156, 793354, 262656, 
156, 793354, 262656, 
157, 793354, 262656, 
157, 793354, 262656, 
158, 793354, 262656, 
158, 793354, 262656, 
159, 793354, 262656, 
159, 793354, 262656, 
160, 793354, 262656, 
160, 793354, 262656, 
161, 793354, 262656, 
161, 793354, 262656, 
162, 793354, 262656, 
162, 793354, 262656, 
163, 793354, 262656, 
163, 793354, 262656, 
164, 793354, 262656, 
164, 793354, 262656, 
165, 793354, 262656, 
165, 793354, 262656, 
166, 793354, 262656, 
166, 793354, 262656, 
167, 793354, 262656, 
167, 793354, 262656, 
168, 793354, 262656, 
168, 793354, 262656, 
169, 793354, 262656, 
169, 793354, 262656, 
170, 793354, 262656, 
170, 793354, 262656, 
171, 793354, 262656, 
171, 793354, 262656, 
172, 793354, 262656, 
172, 793354, 262656, 
173, 793354, 262656, 
173, 793354, 262656, 
174, 793354, 262656, 
174, 793354, 262656, 
175, 793354, 262656, 
175, 793354, 262656, 
176, 793354, 262656, 
176, 793354, 262656, 
177, 793354, 262656, 
177, 793354, 262656, 
178, 793354, 262656, 
178, 793354, 262656, 
179, 793354, 262656, 
179, 793354, 262656, 
180, 793354, 262656, 
180, 793354, 262656, 
181, 793354, 262656, 
181, 793354, 262656, 
182, 793354, 262656, 
182, 793354, 262656, 
183, 793354, 262656, 
183, 793354, 262656, 
184, 793354, 262656, 
184, 793354, 262656, 
185, 793354, 262656, 
185, 793354, 262656, 
186, 793354, 262656, 
186, 793354, 262656, 
187, 793354, 262656, 
187, 793354, 262656, 
188, 793354, 262656, 
188, 793354, 262656, 
189, 793354, 262656, 
189, 793354, 262656, 
190, 793354, 262656, 
190, 793354, 262656, 
191, 793354, 262656, 
191, 793354, 262656, 
192, 793354, 262656, 
192, 793354, 262656, 
193, 793354, 262656, 
193, 793354, 262656, 
194, 793354, 262656, 
194, 793354, 262656, 
195, 793354, 262656, 
195, 793354, 262656, 
196, 793354, 262656, 
196, 793354, 262656, 
197, 793354, 262656, 
197, 793354, 262656, 
198, 793354, 262656, 
198, 793354, 262656, 
199, 793354, 262656, 
199, 793354, 262656, 
200, 793354, 262656, 
200, 793354, 262656, 
201, 793354, 262656, 
201, 793354, 262656, 
202, 793354, 262656, 
202, 793354, 262656, 
203, 793354, 262656, 
203, 793354, 262656, 
204, 793354, 262656, 
204, 793354, 262656, 
205, 793354, 262656, 
205, 793354, 262656, 
206, 793354, 262656, 
206, 793354, 262656, 
207, 793354, 262656, 
207, 793354, 262656, 
208, 793354, 262656, 
208, 793354, 262656, 
209, 793354, 262656, 
209, 793354, 262656, 
210, 793354, 262656, 
210, 793354, 262656, 
211, 793354, 262656, 
211, 793354, 262656, 
212, 793354, 262656, 
212, 793354, 262656, 
213, 793354, 262656, 
213, 793354, 262656, 
214, 793354, 262656, 
214, 793354, 262656, 
215, 793354, 262656, 
215, 793354, 262656, 
216, 793354, 262656, 
216, 793354, 262656, 
217, 793354, 262656, 
217, 793354, 262656, 
218, 793354, 262656, 
218, 793354, 262656, 
219, 793354, 262656, 
219, 793354, 262656, 
220, 793354, 262656, 
220, 793354, 262656, 
221, 793354, 262656, 
221, 793354, 262656, 
222, 793354, 262656, 
222, 793354, 262656, 
223, 793354, 262656, 
223, 793354, 262656, 
224, 793354, 262656, 
224, 793354, 262656, 
225, 793354, 262656, 
225, 793354, 262656, 
226, 793354, 262656, 
226, 793354, 262656, 
227, 793354, 262656, 
227, 793354, 262656, 
228, 793354, 262656, 
228, 793354, 262656, 
229, 793354, 262656, 
229, 793354, 262656, 
230, 793354, 262656, 
230, 793354, 262656, 
231, 793354, 262656, 
231, 793354, 262656, 
232, 793354, 262656, 
232, 793354, 262656, 
233, 793354, 262656, 
233, 793354, 262656, 
234, 793354, 262656, 
234, 793354, 262656, 
235, 793354, 262656, 
235, 793354, 262656, 
236, 793354, 262656, 
236, 793354, 262656, 
237, 793354, 262656, 
237, 793354, 262656, 
238, 793354, 262656, 
238, 793354, 262656, 
239, 793354, 262656, 
239, 793354, 262656, 
240, 793354, 262656, 
240, 793354, 262656, 
241, 793354, 262656, 
241, 793354, 262656, 
242, 793354, 262656, 
242, 793354, 262656, 
243, 793354, 262656, 
243, 793354, 262656, 
244, 793354, 262656, 
244, 793354, 262656, 
245, 793354, 262656, 
245, 793354, 262656, 
246, 793354, 262656, 
246, 793354, 262656, 
247, 793354, 262656, 
247, 793354, 262656, 
248, 793354, 262656, 
248, 793354, 262656, 
249, 793354, 262656, 
249, 793354, 262656, 
250, 793354, 262656, 
250, 793354, 262656, 
251, 793354, 262656, 
251, 793354, 262656, 
252, 793354, 262656, 
252, 793354, 262656, 
253, 793354, 262656, 
253, 793354, 262656, 
254, 793354, 262656, 
254, 793354, 262656, 
255, 793354, 262656, 
255, 793354, 262656, 
256, 793354, 262656, 
256, 793354, 262656, 
257, 793354, 262656, 
257, 793354, 262656, 
258, 793354, 262656, 
258, 793354, 262656, 
259, 793354, 262656, 
259, 793354, 262656, 
260, 793354, 262656, 
260, 793354, 262656, 
261, 793354, 262656, 
261, 793354, 262656, 
262, 793354, 262656, 
262, 793354, 262656, 
263, 793354, 262656, 
263, 793354, 262656, 
264, 793354, 262656, 
264, 793354, 262656, 
265, 793354, 262656, 
265, 793354, 262656, 
266, 793354, 262656, 
266, 793354, 262656, 
267, 793354, 262656, 
267, 793354, 262656, 
268, 793354, 262656, 
268, 793354, 262656, 
269, 793354, 262656, 
269, 793354, 262656, 
270, 793354, 262656, 
270, 793354, 262656, 
271, 793354, 262656, 
271, 793354, 262656, 
272, 793354, 262656, 
272, 793354, 262656, 
273, 793354, 262656, 
273, 793354, 262656, 
274, 793354, 262656, 
274, 793354, 262656, 
275, 793354, 262656, 
275, 793354, 262656, 
276, 793354, 262656, 
276, 793354, 262656, 
277, 793354, 262656, 
277, 793354, 262656, 
278, 793354, 262656, 
278, 793354, 262656, 
279, 793354, 262656, 
279, 793354, 262656, 
280, 793354, 262656, 
280, 793354, 262656, 
281, 793354, 262656, 
281, 793354, 262656, 
282, 793354, 262656, 
282, 793354, 262656, 
283, 793354, 262656, 
283, 793354, 262656, 
284, 793354, 262656, 
284, 793354, 262656, 
285, 793354, 262656, 
285, 793354, 262656, 
286, 793354, 262656, 
286, 793354, 262656, 
287, 793354, 262656, 
287, 793354, 262656, 
288, 793354, 262656, 
288, 793354, 262656, 
289, 793354, 262656, 
289, 793354, 262656, 
290, 793354, 262656, 
290, 793354, 262656, 
291, 793354, 262656, 
291, 793354, 262656, 
292, 793354, 262656, 
292, 793354, 262656, 
293, 793354, 262656, 
293, 793354, 262656, 
294, 793354, 262656, 
294, 793354, 262656, 
295, 793354, 262656, 
295, 793354, 262656, 
296, 793354, 262656, 
296, 793354, 262656, 
297, 793354, 262656, 
297, 793354, 262656, 
298, 793354, 262656, 
298, 793354, 262656, 
299, 793354, 262656, 
299, 793354, 262656, 
300, 793354, 262656, 
300, 793354, 262656, 
301, 793354, 262656, 
301, 793354, 262656, 
302, 793354, 262656, 
302, 793354, 262656, 
303, 793354, 262656, 
303, 793354, 262656, 
304, 793354, 262656, 
304, 793354, 262656, 
305, 793354, 262656, 
305, 793354, 262656, 
306, 793354, 262656, 
306, 793354, 262656, 
307, 793354, 262656, 
307, 793354, 262656, 
308, 793354, 262656, 
308, 793354, 262656, 
309, 793354, 262656, 
309, 793354, 262656, 
310, 793354, 262656, 
310, 793354, 262656, 
311, 793354, 262656, 
311, 793354, 262656, 
312, 793354, 262656, 
312, 793354, 262656, 
313, 793354, 262656, 
313, 793354, 262656, 
314, 793354, 262656, 
314, 793354, 262656, 
315, 793354, 262656, 
315, 793354, 262656, 
316, 793354, 262656, 
316, 793354, 262656, 
317, 793354, 262656, 
317, 793354, 262656, 
318, 793354, 262656, 
318, 793354, 262656, 
319, 793354, 262656, 
319, 793354, 262656, 
320, 793354, 262656, 
320, 793354, 262656, 
321, 793354, 262656, 
321, 793354, 262656, 
322, 793354, 262656, 
322, 793354, 262656, 
323, 793354, 262656, 
323, 793354, 262656, 
324, 793354, 262656, 
324, 793354, 262656, 
325, 793354, 262656, 
325, 793354, 262656, 
326, 793354, 262656, 
326, 793354, 262656, 
327, 793354, 262656, 
327, 793354, 262656, 
328, 793354, 262656, 
328, 793354, 262656, 
329, 793354, 262656, 
329, 793354, 262656, 
330, 793354, 262656, 
330, 793354, 262656, 
331, 793354, 262656, 
331, 793354, 262656, 
332, 793354, 262656, 
332, 793354, 262656, 
333, 793354, 262656, 
333, 793354, 262656, 
334, 793354, 262656, 
334, 793354, 262656, 
335, 793354, 262656, 
335, 793354, 262656, 
336, 793354, 262656, 
336, 793354, 262656, 
337, 793354, 262656, 
337, 793354, 262656, 
338, 793354, 262656, 
338, 793354, 262656, 
339, 793354, 262656, 
339, 793354, 262656, 
340, 793354, 262656, 
340, 793354, 262656, 
341, 793354, 262656, 
341, 793354, 262656, 
342, 793354, 262656, 
342, 793354, 262656, 
343, 793354, 262656, 
343, 793354, 262656, 
344, 793354, 262656, 
344, 793354, 262656, 
345, 793354, 262656, 
345, 793354, 262656, 
346, 793354, 262656, 
346, 793354, 262656, 
347, 793354, 262656, 
347, 793354, 262656, 
348, 793354, 262656, 
348, 793354, 262656, 
349, 793354, 262656, 
349, 793354, 262656, 
350, 793354, 262656, 
350, 793354, 262656, 
351, 793354, 262656, 
351, 793354, 262656, 
352, 793354, 262656, 
352, 793354, 262656, 
353, 793354, 262656, 
353, 793354, 262656, 
354, 793354, 262656, 
354, 793354, 262656, 
355, 793354, 262656, 
355, 793354, 262656, 
356, 793354, 262656, 
356, 793354, 262656, 
357, 793354, 262656, 
357, 793354, 262656, 
358, 793354, 262656, 
358, 793354, 262656, 
359, 793354, 262656, 
359, 793354, 262656, 
360, 793354, 262656, 
360, 793354, 262656, 
361, 793354, 262656, 
361, 793354, 262656, 
362, 793354, 262656, 
362, 793354, 262656, 
363, 793354, 262656, 
363, 793354, 262656, 
364, 793354, 262656, 
364, 793354, 262656, 
365, 793354, 262656, 
365, 793354, 262656, 
366, 793354, 262656, 
366, 793354, 262656, 
367, 793354, 262656, 
367, 793354, 262656, 
368, 793354, 262656, 
368, 793354, 262656, 
369, 793354, 262656, 
369, 793354, 262656, 
370, 793354, 262656, 
370, 793354, 262656, 
371, 793354, 262656, 
371, 793354, 262656, 
372, 793354, 262656, 
372, 793354, 262656, 
373, 793354, 262656, 
373, 793354, 262656, 
374, 793354, 262656, 
374, 793354, 262656, 
375, 793354, 262656, 
375, 793354, 262656, 
376, 793354, 262656, 
376, 793354, 262656, 
377, 793354, 262656, 
377, 793354, 262656, 
378, 793354, 262656, 
378, 793354, 262656, 
379, 793354, 262656, 
379, 793354, 262656, 
380, 793354, 262656, 
380, 793354, 262656, 
381, 793354, 262656, 
381, 793354, 262656, 
382, 793354, 262656, 
382, 793354, 262656, 
383, 793354, 262656, 
383, 793354, 262656, 
384, 793354, 262656, 
384, 793354, 262656, 
385, 793354, 262656, 
385, 793354, 262656, 
386, 793354, 262656, 
386, 793354, 262656, 
387, 793354, 262656, 
387, 793354, 262656, 
388, 793354, 262656, 
388, 793354, 262656, 
389, 793354, 262656, 
389, 793354, 262656, 
390, 793354, 262656, 
390, 793354, 262656, 
391, 793354, 262656, 
391, 793354, 262656, 
392, 793354, 262656, 
392, 793354, 262656, 
393, 793354, 262656, 
393, 793354, 262656, 
394, 793354, 262656, 
394, 793354, 262656, 
395, 793354, 262656, 
395, 793354, 262656, 
396, 793354, 262656, 
396, 793354, 262656, 
397, 793354, 262656, 
397, 793354, 262656, 
398, 793354, 262656, 
398, 793354, 262656, 
399, 793354, 262656, 
399, 793354, 262656, 
400, 793354, 262656, 
400, 793354, 262656, 
401, 793354, 262656, 
401, 793354, 262656, 
402, 793354, 262656, 
402, 793354, 262656, 
403, 793354, 262656, 
403, 793354, 262656, 
404, 793354, 262656, 
404, 793354, 262656, 
405, 793354, 262656, 
405, 793354, 262656, 
406, 793354, 262656, 
406, 793354, 262656, 
407, 793354, 262656, 
407, 793354, 262656, 
408, 793354, 262656, 
408, 793354, 262656, 
409, 793354, 262656, 
409, 793354, 262656, 
410, 793354, 262656, 
410, 793354, 262656, 
411, 793354, 262656, 
411, 793354, 262656, 
412, 793354, 262656, 
412, 793354, 262656, 
413, 793354, 262656, 
413, 793354, 262656, 
414, 793354, 262656, 
414, 793354, 262656, 
415, 793354, 262656, 
415, 793354, 262656, 
416, 793354, 262656, 
416, 793354, 262656, 
417, 793354, 262656, 
417, 793354, 262656, 
418, 793354, 262656, 
418, 793354, 262656, 
419, 793354, 262656, 
419, 793354, 262656, 
420, 793354, 262656, 
420, 793354, 262656, 
421, 793354, 262656, 
421, 793354, 262656, 
422, 793354, 262656, 
422, 793354, 262656, 
423, 793354, 262656, 
423, 793354, 262656, 
424, 793354, 262656, 
424, 793354, 262656, 
425, 793354, 262656, 
425, 793354, 262656, 
426, 793354, 262656, 
426, 793354, 262656, 
427, 793354, 262656, 
427, 793354, 262656, 
428, 793354, 262656, 
428, 793354, 262656, 
429, 793354, 262656, 
429, 793354, 262656, 
430, 793354, 262656, 
430, 793354, 262656, 
431, 793354, 262656, 
431, 793354, 262656, 
432, 793354, 262656, 
432, 793354, 262656, 
433, 793354, 262656, 
433, 793354, 262656, 
434, 793354, 262656, 
434, 793354, 262656, 
435, 793354, 262656, 
435, 793354, 262656, 
436, 793354, 262656, 
436, 793354, 262656, 
437, 793354, 262656, 
437, 793354, 262656, 
438, 793354, 262656, 
438, 793354, 262656, 
439, 793354, 262656, 
439, 793354, 262656, 
440, 793354, 262656, 
440, 793354, 262656, 
441, 793354, 262656, 
441, 793354, 262656, 
442, 793354, 262656, 
442, 793354, 262656, 
443, 793354, 262656, 
443, 793354, 262656, 
444, 793354, 262656, 
444, 793354, 262656, 
445, 793354, 262656, 
445, 793354, 262656, 
446, 793354, 262656, 
446, 793354, 262656, 
447, 793354, 262656, 
447, 793354, 262656, 
448, 793354, 262656, 
448, 793354, 262656, 
449, 793354, 262656, 
449, 793354, 262656, 
450, 793354, 262656, 
450, 793354, 262656, 
451, 793354, 262656, 
451, 793354, 262656, 
452, 793354, 262656, 
452, 793354, 262656, 
453, 793354, 262656, 
453, 793354, 262656, 
454, 793354, 262656, 
454, 793354, 262656, 
455, 793354, 262656, 
455, 793354, 262656, 
456, 793354, 262656, 
456, 793354, 262656, 
457, 793354, 262656, 
457, 793354, 262656, 
458, 793354, 262656, 
458, 793354, 262656, 
459, 793354, 262656, 
459, 793354, 262656, 
460, 793354, 262656, 
460, 793354, 262656, 
461, 793354, 262656, 
461, 793354, 262656, 
462, 793354, 262656, 
462, 793354, 262656, 
463, 793354, 262656, 
463, 793354, 262656, 
464, 793354, 262656, 
464, 793354, 262656, 
465, 793354, 262656, 
465, 793354, 262656, 
466, 793354, 262656, 
466, 793354, 262656, 
467, 793354, 262656, 
467, 793354, 262656, 
468, 793354, 262656, 
468, 793354, 262656, 
469, 793354, 262656, 
469, 793354, 262656, 
470, 793354, 262656, 
470, 793354, 262656, 
471, 793354, 262656, 
471, 793354, 262656, 
472, 793354, 262656, 
472, 793354, 262656, 
473, 793354, 262656, 
473, 793354, 262656, 
474, 793354, 262656, 
474, 793354, 262656, 
475, 793354, 262656, 
475, 793354, 262656, 
476, 793354, 262656, 
476, 793354, 262656, 
477, 793354, 262656, 
477, 793354, 262656, 
478, 793354, 262656, 
478, 793354, 262656, 
479, 793354, 262656, 
479, 793354, 262656, 
480, 793354, 262656, 
480, 793354, 262656, 
481, 793354, 262656, 
481, 793354, 262656, 
482, 793354, 262656, 
482, 793354, 262656, 
483, 793354, 262656, 
483, 793354, 262656, 
484, 793354, 262656, 
484, 793354, 262656, 
485, 793354, 262656, 
485, 793354, 262656, 
486, 793354, 262656, 
486, 793354, 262656, 
487, 793354, 262656, 
487, 793354, 262656, 
488, 793354, 262656, 
488, 793354, 262656, 
489, 793354, 262656, 
489, 793354, 262656, 
490, 793354, 262656, 
490, 793354, 262656, 
491, 793358, 262664, 
492, 793362, 262671, 
493, 793366, 262677, 
494, 793370, 262682, 
495, 793374, 262686, 
496, 793378, 262689, 
497, 793382, 262691, 
498, 793386, 262692, 
500, 793386, 262692, 
500, 793386, 262692, 
500, 793386, 262692, 
500, 793386, 262692, 
500, 793386, 262692, 
500, 793386, 262692, 
500, 793386, 262692, 
500, 793386, 262692, 
500, 793386, 262692, 
590, 589, 588, 587, 586, 585, 584, 583, 582, 581, 580, 579, 578, 577, 576, 575, 574, 573, 572, 571, 570, 569, 568, 567, 566, 565, 564, 563, 562, 561, 560, 559, 558, 557, 556, 555, 554, 553, 552, 551, 550, 549, 548, 547, 546, 545, 544, 543, 542, 541, 540, 539, 538, 537, 536, 535, 534, 533, 532, 531, 530, 529, 528, 527, 526, 525, 524, 523, 522, 521, 520, 519, 518, 517, 516, 515, 514, 513, 512, 511, 510, 509, 508, 507, 506, 505, 504, 503, 502, 501, 500, 499, 498, 497, 496, 495, 494, 493, 492, 491, 490, 489, 488, 487, 486, 485, 484, 483, 482, 481, 480, 479, 478, 477, 476, 475, 474, 473, 472, 471, 470, 469, 468, 467, 466, 465, 464, 463, 462, 461, 460, 459, 458, 457, 456, 455, 454, 453, 452, 451, 450, 449, 448, 447, 446, 445, 444, 443, 442, 441, 440, 439, 438, 437, 436, 435, 434, 433, 432, 431, 430, 429, 428, 427, 426, 425, 424, 423, 422, 421, 420, 419, 418, 417, 416, 415, 414, 413, 412, 411, 410, 409, 408, 407, 406, 405, 404, 403, 402, 401, 400, 399, 398, 397, 396, 395, 394, 393, 392, 391, 390, 389, 388, 387, 386, 385, 384, 383, 382, 381, 380, 379, 378, 377, 376, 375, 374, 373, 372, 371, 370, 369, 368, 367, 366, 365, 364, 363, 362, 361, 360, 359, 358, 357, 356, 355, 354, 353, 352, 351, 350, 349, 348, 347, 346, 345, 344, 343, 342, 341, 340, 339, 338, 337, 336, 335, 334, 333, 332, 331, 330, 329, 328, 327, 326, 325, 324, 323, 322, 321, 320, 319, 318, 317, 316, 315, 314, 313, 312, 311, 310, 309, 308, 307, 306, 305, 304, 303, 302, 301, 300, 299, 298, 297, 296, 295, 294, 293, 292, 291, 290, 289, 288, 287, 286, 285, 284, 283, 282, 281, 280, 279, 278, 277, 276, 275, 274, 273, 272, 271, 270, 269, 268, 267, 266, 265, 264, 263, 262, 261, 260, 259, 258, 257, 256, 255, 254, 253, 252, 251, 250, 249, 248, 247, 246, 245, 244, 243, 242, 241, 240, 239, 238, 237, 236, 235, 234, 233, 232, 231, 230, 229, 228, 227, 226, 225, 224, 223, 222, 221, 220, 219, 218, 217, 216, 215, 214, 213, 212, 211, 210, 209, 208, 207, 206, 205, 204, 203, 202, 201, 200, 199, 198, 197, 196, 195, 194, 193, 192, 191, 190, 189, 188, 187, 186, 185, 184, 183, 182, 181, 180, 179, 178, 177, 176, 175, 174, 173, 172, 171, 170, 169, 168, 167, 166, 165, 164, 163, 162, 161, 160, 159, 158, 157, 156, 155, 154, 153, 152, 151, 150, 149, 148, 147, 146, 145, 144, 143, 142, 141, 140, 139, 138, 137, 136, 135, 134, 133, 132, 131, 130, 129, 128, 127, 126, 125, 124, 123, 122, 121, 120, 119, 118, 117, 116, 115, 114, 113, 112, 111, 110, 109, 108, 107, 106, 105, 104, 103, 102, 101, 100, 99, 98, 97, 96, 95, 94, 93, 92, 91, 90, 89, 88, 87, 86, 85, 84, 83, 10, 78, 62, 
0, 84, 27, 
1, 88, 28, 
3, 88, 28, 
3, 88, 28, 
3, 88, 28, 
4, 88, 28, 
4, 88, 28, 
5, 88, 28, 
5, 88, 28, 
6, 102, 31, 
8, 102, 31, 
8, 102, 31, 
9, 102, 31, 
9, 102, 31, 
9, 102, 31, 
10, 78, 62, 
0, 84, 27, 
1, 88, 28, 
3, 88, 28, 
3, 88, 28, 
3, 88, 28, 
4, 88, 28, 
4, 88, 28, 
5, 88, 28, 
5, 88, 28, 
6, 102, 31, 
8, 102, 31, 
8, 102, 31, 
9, 102, 31, 
9, 102, 31, 
9, 102, 31, 
10, 78, 62, 
0, 84, 27, 
1, 88, 28, 
3, 88, 28, 
3, 88, 28, 
3, 88, 28, 
4, 88, 28, 
4, 88, 28, 
5, 88, 28, 
5, 88, 28, 
6, 102, 31, 
8, 102, 31, 
8, 102, 31, 
9, 102, 31, 
9, 102, 31, 
9, 102, 31, 
10, 78, 62, 
0, 84, 27, 
1, 88, 28, 
3, 88, 28, 
3, 88, 28, 
3, 88, 28, 
4, 88, 28, 
4, 88, 28, 
5, 88, 28, 
5, 88, 28, 
6, 102, 31, 
8, 102, 31, 
8, 102, 31, 
9, 102, 31, 
9, 102, 31, 
9, 102, 31, 
10, 78, 62, 
0, 27, 11, 
1, 31, 14, 
2, 35, 16, 
3, 39, 17, 
5, 39, 17, 
5, 39, 17, 
5, 39, 17, 
5, 39, 17, 
5, 39, 17, 
10, 78, 62, 
0, 66, 16, 
1, 66, 16, 
1, 66, 16, 
2, 66, 16, 
2, 66, 16, 
3, 66, 16, 
3, 66, 16, 
4, 66, 16, 
4, 66, 16, 
10, 78, 62, 
0, 66, 16, 
1, 66, 16, 
1, 66, 16, 
2, 66, 16, 
2, 66, 16, 
3, 66, 16, 
3, 66, 16, 
4, 66, 16, 
4, 66, 16, 
10, 78, 62, 
0, 84, 27, 
1, 88, 28, 
3, 88, 28, 
3, 88, 28, 
3, 88, 28, 
4, 88, 28, 
4, 88, 28, 
5, 88, 28, 
5, 88, 28, 
6, 102, 31, 
8, 102, 31, 
8, 102, 31, 
9, 102, 31, 
9, 102, 31, 
9, 102, 31, 
10, 78, 62, 
0, 84, 27, 
1, 88, 28, 
3, 88, 28, 
3, 88, 28, 
3, 88, 28, 
4, 88, 28, 
4, 88, 28, 
5, 88, 28, 
5, 88, 28, 
6, 102, 31, 
8, 102, 31, 
8, 102, 31, 
9, 102, 31, 
9, 102, 31, 
9, 102, 31, 
10, 78, 62, 
0, 84, 27, 
1, 88, 28, 
3, 88, 28, 
3, 88, 28, 
3, 88, 28, 
4, 88, 28, 
4, 88, 28, 
5, 88, 28, 
5, 88, 28, 
6, 102, 31, 
8, 102, 31, 
8, 102, 31, 
9, 102, 31, 
9, 102, 31, 
9, 102, 31, 
